G3dErrFileVersion 2018P3.1
FlagFileMetaData Begin
   Mesh Size - Setup1, Refinement, Pass #1, Freq. 5.000000e+09 :Title    
   Listing of mesh elements with small segments. :ToolTip  
   hf3d :Author   
   1729886987 :TimeStamp
FlagFileMetaData End
BEGIN_ERR 
26 Small mesh segment detected on body : Top
 Small mesh segment detected on body : Top 
 Segment Statistics - Number of Segments : 1 --- Segment length(s) : 0.541623mm. The cutoff frequency for S-Matrix Only Solve is 32.7857018810149MHz 
3 -1  8  35  # nfids, fids[]
2 6  -1  # nbids, bids[]
      4 4 1 0 #ntets ntri ned npts
           3.8009177699999999e+00   5.2815315600000003e+00   2.5400000000000000e-01 #xyz tv0
           3.6855528300000016e+00   5.2044471699999999e+00   2.5400000000000000e-01 #xyz tv1
           3.1961033333333333e+00   5.4363833333333336e+00   2.5400000000000000e-01 #xyz tv2
           3.6024176483333337e+00   5.4683377683333330e+00   3.7502374999999999e-01 -1 6 #xyz tv3 fid bid
           3.6855528300000016e+00   5.2044471699999999e+00   0.0000000000000000e+00 #xyz tv0
           3.8009177699999999e+00   5.2815315600000003e+00   2.5400000000000000e-01 #xyz tv1
           3.6855528300000016e+00   5.2044471699999999e+00   2.5400000000000000e-01 #xyz tv2
           3.1961033333333333e+00   5.4363833333333336e+00   2.5400000000000000e-01 -1 6 #xyz tv3 fid bid
           3.6855528300000016e+00   5.2044471699999999e+00   2.5400000000000000e-01 #xyz tv0
           3.6024176483333337e+00   5.4683377683333330e+00   3.7502374999999999e-01 #xyz tv1
           3.6084684400000016e+00   5.0890822299999998e+00   2.5400000000000000e-01 #xyz tv2
           3.1961033333333333e+00   5.4363833333333336e+00   2.5400000000000000e-01 -1 6 #xyz tv3 fid bid
           3.6855528300000016e+00   5.2044471699999999e+00   0.0000000000000000e+00 #xyz tv0
           3.6855528300000016e+00   5.2044471699999999e+00   2.5400000000000000e-01 #xyz tv1
           3.6084684400000016e+00   5.0890822299999998e+00   2.5400000000000000e-01 #xyz tv2
           3.1961033333333333e+00   5.4363833333333336e+00   2.5400000000000000e-01 -1 6 #xyz tv3 fid bid
           3.6084684400000016e+00   5.0890822299999998e+00   2.5400000000000000e-01 #xyz tv0
           3.1961033333333333e+00   5.4363833333333336e+00   2.5400000000000000e-01 #xyz tv1
           3.6855528300000016e+00   5.2044471699999999e+00   2.5400000000000000e-01 8 -1 #xyz tv2 fid bid
           3.6084684400000016e+00   5.0890822299999998e+00   2.5400000000000000e-01 #xyz tv0
           3.1961033333333333e+00   5.4363833333333336e+00   2.5400000000000000e-01 #xyz tv1
           3.6855528300000016e+00   5.2044471699999999e+00   2.5400000000000000e-01 35 -1 #xyz tv2 fid bid
           3.8009177699999999e+00   5.2815315600000003e+00   2.5400000000000000e-01 #xyz tv0
           3.6855528300000016e+00   5.2044471699999999e+00   2.5400000000000000e-01 #xyz tv1
           3.1961033333333333e+00   5.4363833333333336e+00   2.5400000000000000e-01 8 -1 #xyz tv2 fid bid
           3.8009177699999999e+00   5.2815315600000003e+00   2.5400000000000000e-01 #xyz tv0
           3.6855528300000016e+00   5.2044471699999999e+00   2.5400000000000000e-01 #xyz tv1
           3.1961033333333333e+00   5.4363833333333336e+00   2.5400000000000000e-01 35 -1 #xyz tv2 fid bid
           3.1961033333333333e+00   5.4363833333333336e+00   2.5400000000000000e-01 #xyz ev0
           3.6855528300000016e+00   5.2044471699999999e+00   2.5400000000000000e-01 -1 6 #xyz ev1 fid bid
   0   0.000000000000e+00   0.000000000000e+00   0.000000000000e+00 #flag location
END_ERR 
G3dErrFileVersion 2018P3.1
FlagFileMetaData Begin
   Mesh Size - Setup1, Refinement, Pass #2, Freq. 5.000000e+09 :Title    
   Listing of mesh elements with small segments. :ToolTip  
   hf3d :Author   
   1729886990 :TimeStamp
FlagFileMetaData End
BEGIN_ERR 
26 Small mesh segment detected on body : Dielectric
 Small mesh segment detected on body : Dielectric 
 Segment Statistics - Number of Segments : 1 --- Segment length(s) : 0.541623mm. The cutoff frequency for S-Matrix Only Solve is 32.7857018810149MHz 
3 -1  8  35  # nfids, fids[]
2 34  -1  # nbids, bids[]
      4 4 1 0 #ntets ntri ned npts
           3.6084684400000020e+00   5.0890822299999998e+00   2.5400000000000000e-01 #xyz tv0
           3.4518600000000008e+00   5.3721000000000005e+00   0.0000000000000000e+00 #xyz tv1
           3.6855528300000020e+00   5.2044471699999999e+00   2.5400000000000000e-01 #xyz tv2
           3.1961033333333333e+00   5.4363833333333336e+00   2.5400000000000000e-01 -1 34 #xyz tv3 fid bid
           3.6855528300000020e+00   5.2044471699999999e+00   2.5400000000000000e-01 #xyz tv0
           3.4518600000000008e+00   5.3721000000000005e+00   0.0000000000000000e+00 #xyz tv1
           3.8009177699999999e+00   5.2815315600000003e+00   2.5400000000000000e-01 #xyz tv2
           3.1961033333333333e+00   5.4363833333333336e+00   2.5400000000000000e-01 -1 34 #xyz tv3 fid bid
           3.1961033333333333e+00   5.4363833333333336e+00   2.5400000000000000e-01 #xyz tv0
           3.6084684400000020e+00   5.0890822299999998e+00   2.5400000000000000e-01 #xyz tv1
           3.6855528300000020e+00   5.2044471699999999e+00   5.5717868411157379e-01 #xyz tv2
           3.6855528300000020e+00   5.2044471699999999e+00   2.5400000000000000e-01 -1 34 #xyz tv3 fid bid
           3.6855528300000020e+00   5.2044471699999999e+00   5.5717868411157379e-01 #xyz tv0
           3.8009177699999999e+00   5.2815315600000003e+00   2.5400000000000000e-01 #xyz tv1
           3.1961033333333333e+00   5.4363833333333336e+00   2.5400000000000000e-01 #xyz tv2
           3.6855528300000020e+00   5.2044471699999999e+00   2.5400000000000000e-01 -1 34 #xyz tv3 fid bid
           3.6084684400000020e+00   5.0890822299999998e+00   2.5400000000000000e-01 #xyz tv0
           3.1961033333333333e+00   5.4363833333333336e+00   2.5400000000000000e-01 #xyz tv1
           3.6855528300000020e+00   5.2044471699999999e+00   2.5400000000000000e-01 8 -1 #xyz tv2 fid bid
           3.6084684400000020e+00   5.0890822299999998e+00   2.5400000000000000e-01 #xyz tv0
           3.1961033333333333e+00   5.4363833333333336e+00   2.5400000000000000e-01 #xyz tv1
           3.6855528300000020e+00   5.2044471699999999e+00   2.5400000000000000e-01 35 -1 #xyz tv2 fid bid
           3.8009177699999999e+00   5.2815315600000003e+00   2.5400000000000000e-01 #xyz tv0
           3.6855528300000020e+00   5.2044471699999999e+00   2.5400000000000000e-01 #xyz tv1
           3.1961033333333333e+00   5.4363833333333336e+00   2.5400000000000000e-01 8 -1 #xyz tv2 fid bid
           3.8009177699999999e+00   5.2815315600000003e+00   2.5400000000000000e-01 #xyz tv0
           3.6855528300000020e+00   5.2044471699999999e+00   2.5400000000000000e-01 #xyz tv1
           3.1961033333333333e+00   5.4363833333333336e+00   2.5400000000000000e-01 35 -1 #xyz tv2 fid bid
           3.1961033333333333e+00   5.4363833333333336e+00   2.5400000000000000e-01 #xyz ev0
           3.6855528300000020e+00   5.2044471699999999e+00   2.5400000000000000e-01 -1 34 #xyz ev1 fid bid
   0   0.000000000000e+00   0.000000000000e+00   0.000000000000e+00 #flag location
END_ERR 
G3dErrFileVersion 2018P3.1
FlagFileMetaData Begin
   Mesh Size - Setup1, Refinement, Pass #1, Freq. 5.000000e+09 :Title    
   Listing of mesh elements with small segments. :ToolTip  
   hf3d :Author   
   1729887089 :TimeStamp
FlagFileMetaData End
BEGIN_ERR 
26 Small mesh segment detected on body : AntiPad1
 Small mesh segment detected on body : AntiPad1 
 Segment Statistics - Number of Segments : 1 --- Segment length(s) : 0.019821mm. The cutoff frequency for S-Matrix Only Solve is 32.7857018810149MHz 
4 -1  84  496  459  # nfids, fids[]
2 81  -1  # nbids, bids[]
      4 6 1 0 #ntets ntri ned npts
           4.1507210250000002e+00   4.2269210250000002e+00   1.2794000000000001e+00 #xyz tv0
           4.1342403200000009e+00   4.2379330800000004e+00   1.2794000000000001e+00 #xyz tv1
           4.0088420500000010e+00   4.0088420500000010e+00   1.1565939742319737e+00 #xyz tv2
           4.2926000000000002e+00   4.4450000000000003e+00   1.2794000000000001e+00 -1 81 #xyz tv3 fid bid
           4.1507210250000002e+00   4.2269210250000002e+00   1.2794000000000001e+00 #xyz tv0
           4.0088420500000010e+00   4.0088420500000010e+00   1.1565939742319737e+00 #xyz tv1
           4.1342403200000009e+00   4.2379330800000004e+00   1.2794000000000001e+00 #xyz tv2
           4.0088420500000002e+00   4.0088420500000002e+00   1.2794000000000001e+00 -1 81 #xyz tv3 fid bid
           4.1507210250000002e+00   4.2269210250000002e+00   1.2794000000000001e+00 #xyz tv0
           3.5142101951130487e+00   3.0219757314722546e+00   1.8305299211105845e+00 #xyz tv1
           4.1342403200000009e+00   4.2379330800000004e+00   1.2794000000000001e+00 #xyz tv2
           4.2926000000000002e+00   4.4450000000000003e+00   1.2794000000000001e+00 -1 81 #xyz tv3 fid bid
           4.1507210250000002e+00   4.2269210250000002e+00   1.2794000000000001e+00 #xyz tv0
           4.1342403200000009e+00   4.2379330800000004e+00   1.2794000000000001e+00 #xyz tv1
           3.5142101951130487e+00   3.0219757314722546e+00   1.8305299211105845e+00 #xyz tv2
           4.0088420500000002e+00   4.0088420500000002e+00   1.2794000000000001e+00 -1 81 #xyz tv3 fid bid
           4.2926000000000002e+00   4.4450000000000003e+00   1.2794000000000001e+00 #xyz tv0
           4.1507210250000002e+00   4.2269210250000002e+00   1.2794000000000001e+00 #xyz tv1
           4.1342403200000009e+00   4.2379330800000004e+00   1.2794000000000001e+00 84 -1 #xyz tv2 fid bid
           4.2926000000000002e+00   4.4450000000000003e+00   1.2794000000000001e+00 #xyz tv0
           4.1507210250000002e+00   4.2269210250000002e+00   1.2794000000000001e+00 #xyz tv1
           4.1342403200000009e+00   4.2379330800000004e+00   1.2794000000000001e+00 496 -1 #xyz tv2 fid bid
           4.2926000000000002e+00   4.4450000000000003e+00   1.2794000000000001e+00 #xyz tv0
           4.1507210250000002e+00   4.2269210250000002e+00   1.2794000000000001e+00 #xyz tv1
           4.1342403200000009e+00   4.2379330800000004e+00   1.2794000000000001e+00 459 -1 #xyz tv2 fid bid
           4.1507210250000002e+00   4.2269210250000002e+00   1.2794000000000001e+00 #xyz tv0
           4.0088420500000002e+00   4.0088420500000002e+00   1.2794000000000001e+00 #xyz tv1
           4.1342403200000009e+00   4.2379330800000004e+00   1.2794000000000001e+00 84 -1 #xyz tv2 fid bid
           4.1507210250000002e+00   4.2269210250000002e+00   1.2794000000000001e+00 #xyz tv0
           4.0088420500000002e+00   4.0088420500000002e+00   1.2794000000000001e+00 #xyz tv1
           4.1342403200000009e+00   4.2379330800000004e+00   1.2794000000000001e+00 496 -1 #xyz tv2 fid bid
           4.1507210250000002e+00   4.2269210250000002e+00   1.2794000000000001e+00 #xyz tv0
           4.0088420500000002e+00   4.0088420500000002e+00   1.2794000000000001e+00 #xyz tv1
           4.1342403200000009e+00   4.2379330800000004e+00   1.2794000000000001e+00 459 -1 #xyz tv2 fid bid
           4.1507210250000002e+00   4.2269210250000002e+00   1.2794000000000001e+00 #xyz ev0
           4.1342403200000009e+00   4.2379330800000004e+00   1.2794000000000001e+00 -1 81 #xyz ev1 fid bid
   0   0.000000000000e+00   0.000000000000e+00   0.000000000000e+00 #flag location
END_ERR 
G3dErrFileVersion 2018P3.1
FlagFileMetaData Begin
   Mesh Size - Setup1, Refinement, Pass #2, Freq. 5.000000e+09 :Title    
   Listing of mesh elements with small segments. :ToolTip  
   hf3d :Author   
   1729887091 :TimeStamp
FlagFileMetaData End
BEGIN_ERR 
26 Small mesh segment detected on body : Dielectric
 Small mesh segment detected on body : Dielectric 
 Segment Statistics - Number of Segments : 1 --- Segment length(s) : 0.282924mm. The cutoff frequency for S-Matrix Only Solve is 32.7857018810149MHz 
3 -1  36  460  # nfids, fids[]
2 34  -1  # nbids, bids[]
      6 4 1 0 #ntets ntri ned npts
           4.0730822299999998e+00   3.6084684400000020e+00   1.2700000000000000e-01 #xyz tv0
           3.9369999999999994e+00   3.5813999999999999e+00   1.2700000000000000e-01 #xyz tv1
           4.0730822299999998e+00   3.6084684400000020e+00   2.5400000000000000e-01 #xyz tv2
           4.2839640000000001e+00   3.4198560000000002e+00   1.2700000000000000e-01 -1 34 #xyz tv3 fid bid
           4.0730822299999998e+00   3.6084684400000020e+00   1.2700000000000000e-01 #xyz tv0
           4.0730822299999998e+00   3.6084684400000020e+00   2.5400000000000000e-01 #xyz tv1
           4.1884471699999999e+00   3.6855528300000020e+00   2.5400000000000000e-01 #xyz tv2
           4.2839640000000001e+00   3.4198560000000002e+00   1.2700000000000000e-01 -1 34 #xyz tv3 fid bid
           3.9959280000000001e+00   2.8437839999999999e+00  -1.0250159999999999e+00 #xyz tv0
           3.9369999999999994e+00   3.5813999999999999e+00   1.2700000000000000e-01 #xyz tv1
           4.0730822299999998e+00   3.6084684400000020e+00   1.2700000000000000e-01 #xyz tv2
           4.2839640000000001e+00   3.4198560000000002e+00   1.2700000000000000e-01 -1 34 #xyz tv3 fid bid
           4.5720000000000018e+00   3.4198560000000002e+00  -1.6010880000000001e+00 #xyz tv0
           4.0730822299999998e+00   3.6084684400000020e+00   1.2700000000000000e-01 #xyz tv1
           4.1884471699999999e+00   3.6855528300000020e+00   1.2700000000000000e-01 #xyz tv2
           4.2839640000000001e+00   3.4198560000000002e+00   1.2700000000000000e-01 -1 34 #xyz tv3 fid bid
           4.1884471699999999e+00   3.6855528300000020e+00   1.2700000000000000e-01 #xyz tv0
           4.0730822299999998e+00   3.6084684400000020e+00   1.2700000000000000e-01 #xyz tv1
           4.1884471699999999e+00   3.6855528300000020e+00   2.5400000000000000e-01 #xyz tv2
           4.2839640000000001e+00   3.4198560000000002e+00   1.2700000000000000e-01 -1 34 #xyz tv3 fid bid
           4.5720000000000018e+00   3.4198560000000002e+00  -1.6010880000000001e+00 #xyz tv0
           3.9959280000000001e+00   2.8437839999999999e+00  -1.0250159999999999e+00 #xyz tv1
           4.0730822299999998e+00   3.6084684400000020e+00   1.2700000000000000e-01 #xyz tv2
           4.2839640000000001e+00   3.4198560000000002e+00   1.2700000000000000e-01 -1 34 #xyz tv3 fid bid
           4.1884471699999999e+00   3.6855528300000020e+00   1.2700000000000000e-01 #xyz tv0
           4.0730822299999998e+00   3.6084684400000020e+00   1.2700000000000000e-01 #xyz tv1
           4.2839640000000001e+00   3.4198560000000002e+00   1.2700000000000000e-01 36 -1 #xyz tv2 fid bid
           4.1884471699999999e+00   3.6855528300000020e+00   1.2700000000000000e-01 #xyz tv0
           4.0730822299999998e+00   3.6084684400000020e+00   1.2700000000000000e-01 #xyz tv1
           4.2839640000000001e+00   3.4198560000000002e+00   1.2700000000000000e-01 460 -1 #xyz tv2 fid bid
           4.2839640000000001e+00   3.4198560000000002e+00   1.2700000000000000e-01 #xyz tv0
           4.0730822299999998e+00   3.6084684400000020e+00   1.2700000000000000e-01 #xyz tv1
           3.9369999999999994e+00   3.5813999999999999e+00   1.2700000000000000e-01 36 -1 #xyz tv2 fid bid
           4.2839640000000001e+00   3.4198560000000002e+00   1.2700000000000000e-01 #xyz tv0
           4.0730822299999998e+00   3.6084684400000020e+00   1.2700000000000000e-01 #xyz tv1
           3.9369999999999994e+00   3.5813999999999999e+00   1.2700000000000000e-01 460 -1 #xyz tv2 fid bid
           4.0730822299999998e+00   3.6084684400000020e+00   1.2700000000000000e-01 #xyz ev0
           4.2839640000000001e+00   3.4198560000000002e+00   1.2700000000000000e-01 -1 34 #xyz ev1 fid bid
   0   0.000000000000e+00   0.000000000000e+00   0.000000000000e+00 #flag location
END_ERR 
G3dErrFileVersion 2018P3.1
FlagFileMetaData Begin
   Mesh Size - Setup1, Refinement, Pass #1, Freq. 5.000000e+09 :Title    
   Listing of mesh elements with small segments. :ToolTip  
   hf3d :Author   
   1729890836 :TimeStamp
FlagFileMetaData End
BEGIN_ERR 
26 Small mesh segment detected on body : AntiPad1
 Small mesh segment detected on body : AntiPad1 
 Segment Statistics - Number of Segments : 1 --- Segment length(s) : 0.019821mm. The cutoff frequency for S-Matrix Only Solve is 32.7857018810149MHz 
4 -1  84  496  459  # nfids, fids[]
2 81  -1  # nbids, bids[]
      4 6 1 0 #ntets ntri ned npts
           4.1507210250000002e+00   4.2269210250000002e+00   1.2794000000000001e+00 #xyz tv0
           4.1342403200000009e+00   4.2379330800000004e+00   1.2794000000000001e+00 #xyz tv1
           4.0088420500000010e+00   4.0088420500000010e+00   1.1565939742319737e+00 #xyz tv2
           4.2926000000000002e+00   4.4450000000000003e+00   1.2794000000000001e+00 -1 81 #xyz tv3 fid bid
           4.1507210250000002e+00   4.2269210250000002e+00   1.2794000000000001e+00 #xyz tv0
           4.0088420500000010e+00   4.0088420500000010e+00   1.1565939742319737e+00 #xyz tv1
           4.1342403200000009e+00   4.2379330800000004e+00   1.2794000000000001e+00 #xyz tv2
           4.0088420500000002e+00   4.0088420500000002e+00   1.2794000000000001e+00 -1 81 #xyz tv3 fid bid
           4.1507210250000002e+00   4.2269210250000002e+00   1.2794000000000001e+00 #xyz tv0
           3.5142101951130487e+00   3.0219757314722546e+00   1.8305299211105845e+00 #xyz tv1
           4.1342403200000009e+00   4.2379330800000004e+00   1.2794000000000001e+00 #xyz tv2
           4.2926000000000002e+00   4.4450000000000003e+00   1.2794000000000001e+00 -1 81 #xyz tv3 fid bid
           4.1507210250000002e+00   4.2269210250000002e+00   1.2794000000000001e+00 #xyz tv0
           4.1342403200000009e+00   4.2379330800000004e+00   1.2794000000000001e+00 #xyz tv1
           3.5142101951130487e+00   3.0219757314722546e+00   1.8305299211105845e+00 #xyz tv2
           4.0088420500000002e+00   4.0088420500000002e+00   1.2794000000000001e+00 -1 81 #xyz tv3 fid bid
           4.2926000000000002e+00   4.4450000000000003e+00   1.2794000000000001e+00 #xyz tv0
           4.1507210250000002e+00   4.2269210250000002e+00   1.2794000000000001e+00 #xyz tv1
           4.1342403200000009e+00   4.2379330800000004e+00   1.2794000000000001e+00 84 -1 #xyz tv2 fid bid
           4.2926000000000002e+00   4.4450000000000003e+00   1.2794000000000001e+00 #xyz tv0
           4.1507210250000002e+00   4.2269210250000002e+00   1.2794000000000001e+00 #xyz tv1
           4.1342403200000009e+00   4.2379330800000004e+00   1.2794000000000001e+00 496 -1 #xyz tv2 fid bid
           4.2926000000000002e+00   4.4450000000000003e+00   1.2794000000000001e+00 #xyz tv0
           4.1507210250000002e+00   4.2269210250000002e+00   1.2794000000000001e+00 #xyz tv1
           4.1342403200000009e+00   4.2379330800000004e+00   1.2794000000000001e+00 459 -1 #xyz tv2 fid bid
           4.1507210250000002e+00   4.2269210250000002e+00   1.2794000000000001e+00 #xyz tv0
           4.0088420500000002e+00   4.0088420500000002e+00   1.2794000000000001e+00 #xyz tv1
           4.1342403200000009e+00   4.2379330800000004e+00   1.2794000000000001e+00 84 -1 #xyz tv2 fid bid
           4.1507210250000002e+00   4.2269210250000002e+00   1.2794000000000001e+00 #xyz tv0
           4.0088420500000002e+00   4.0088420500000002e+00   1.2794000000000001e+00 #xyz tv1
           4.1342403200000009e+00   4.2379330800000004e+00   1.2794000000000001e+00 496 -1 #xyz tv2 fid bid
           4.1507210250000002e+00   4.2269210250000002e+00   1.2794000000000001e+00 #xyz tv0
           4.0088420500000002e+00   4.0088420500000002e+00   1.2794000000000001e+00 #xyz tv1
           4.1342403200000009e+00   4.2379330800000004e+00   1.2794000000000001e+00 459 -1 #xyz tv2 fid bid
           4.1507210250000002e+00   4.2269210250000002e+00   1.2794000000000001e+00 #xyz ev0
           4.1342403200000009e+00   4.2379330800000004e+00   1.2794000000000001e+00 -1 81 #xyz ev1 fid bid
   0   0.000000000000e+00   0.000000000000e+00   0.000000000000e+00 #flag location
END_ERR 
G3dErrFileVersion 2018P3.1
FlagFileMetaData Begin
   Mesh Size - Setup1, Refinement, Pass #2, Freq. 5.000000e+09 :Title    
   Listing of mesh elements with small segments. :ToolTip  
   hf3d :Author   
   1729890838 :TimeStamp
FlagFileMetaData End
BEGIN_ERR 
26 Small mesh segment detected on body : Dielectric
 Small mesh segment detected on body : Dielectric 
 Segment Statistics - Number of Segments : 1 --- Segment length(s) : 0.282924mm. The cutoff frequency for S-Matrix Only Solve is 32.7857018810149MHz 
3 -1  36  460  # nfids, fids[]
2 34  -1  # nbids, bids[]
      6 4 1 0 #ntets ntri ned npts
           4.0730822299999998e+00   3.6084684400000020e+00   1.2700000000000000e-01 #xyz tv0
           3.9369999999999994e+00   3.5813999999999999e+00   1.2700000000000000e-01 #xyz tv1
           4.0730822299999998e+00   3.6084684400000020e+00   2.5400000000000000e-01 #xyz tv2
           4.2839640000000001e+00   3.4198560000000002e+00   1.2700000000000000e-01 -1 34 #xyz tv3 fid bid
           4.0730822299999998e+00   3.6084684400000020e+00   1.2700000000000000e-01 #xyz tv0
           4.0730822299999998e+00   3.6084684400000020e+00   2.5400000000000000e-01 #xyz tv1
           4.1884471699999999e+00   3.6855528300000020e+00   2.5400000000000000e-01 #xyz tv2
           4.2839640000000001e+00   3.4198560000000002e+00   1.2700000000000000e-01 -1 34 #xyz tv3 fid bid
           3.9959280000000001e+00   2.8437839999999999e+00  -1.0250159999999999e+00 #xyz tv0
           3.9369999999999994e+00   3.5813999999999999e+00   1.2700000000000000e-01 #xyz tv1
           4.0730822299999998e+00   3.6084684400000020e+00   1.2700000000000000e-01 #xyz tv2
           4.2839640000000001e+00   3.4198560000000002e+00   1.2700000000000000e-01 -1 34 #xyz tv3 fid bid
           4.5720000000000018e+00   3.4198560000000002e+00  -1.6010880000000001e+00 #xyz tv0
           4.0730822299999998e+00   3.6084684400000020e+00   1.2700000000000000e-01 #xyz tv1
           4.1884471699999999e+00   3.6855528300000020e+00   1.2700000000000000e-01 #xyz tv2
           4.2839640000000001e+00   3.4198560000000002e+00   1.2700000000000000e-01 -1 34 #xyz tv3 fid bid
           4.1884471699999999e+00   3.6855528300000020e+00   1.2700000000000000e-01 #xyz tv0
           4.0730822299999998e+00   3.6084684400000020e+00   1.2700000000000000e-01 #xyz tv1
           4.1884471699999999e+00   3.6855528300000020e+00   2.5400000000000000e-01 #xyz tv2
           4.2839640000000001e+00   3.4198560000000002e+00   1.2700000000000000e-01 -1 34 #xyz tv3 fid bid
           4.5720000000000018e+00   3.4198560000000002e+00  -1.6010880000000001e+00 #xyz tv0
           3.9959280000000001e+00   2.8437839999999999e+00  -1.0250159999999999e+00 #xyz tv1
           4.0730822299999998e+00   3.6084684400000020e+00   1.2700000000000000e-01 #xyz tv2
           4.2839640000000001e+00   3.4198560000000002e+00   1.2700000000000000e-01 -1 34 #xyz tv3 fid bid
           4.1884471699999999e+00   3.6855528300000020e+00   1.2700000000000000e-01 #xyz tv0
           4.0730822299999998e+00   3.6084684400000020e+00   1.2700000000000000e-01 #xyz tv1
           4.2839640000000001e+00   3.4198560000000002e+00   1.2700000000000000e-01 36 -1 #xyz tv2 fid bid
           4.1884471699999999e+00   3.6855528300000020e+00   1.2700000000000000e-01 #xyz tv0
           4.0730822299999998e+00   3.6084684400000020e+00   1.2700000000000000e-01 #xyz tv1
           4.2839640000000001e+00   3.4198560000000002e+00   1.2700000000000000e-01 460 -1 #xyz tv2 fid bid
           4.2839640000000001e+00   3.4198560000000002e+00   1.2700000000000000e-01 #xyz tv0
           4.0730822299999998e+00   3.6084684400000020e+00   1.2700000000000000e-01 #xyz tv1
           3.9369999999999994e+00   3.5813999999999999e+00   1.2700000000000000e-01 36 -1 #xyz tv2 fid bid
           4.2839640000000001e+00   3.4198560000000002e+00   1.2700000000000000e-01 #xyz tv0
           4.0730822299999998e+00   3.6084684400000020e+00   1.2700000000000000e-01 #xyz tv1
           3.9369999999999994e+00   3.5813999999999999e+00   1.2700000000000000e-01 460 -1 #xyz tv2 fid bid
           4.0730822299999998e+00   3.6084684400000020e+00   1.2700000000000000e-01 #xyz ev0
           4.2839640000000001e+00   3.4198560000000002e+00   1.2700000000000000e-01 -1 34 #xyz ev1 fid bid
   0   0.000000000000e+00   0.000000000000e+00   0.000000000000e+00 #flag location
END_ERR 
G3dErrFileVersion 2018P3.1
FlagFileMetaData Begin
   Mesh Size - Setup1, Refinement, Pass #1, Freq. 5.000000e+09 :Title    
   Listing of mesh elements with small segments. :ToolTip  
   hf3d :Author   
   1729890973 :TimeStamp
FlagFileMetaData End
BEGIN_ERR 
26 Small mesh segment detected on body : Dielectric
 Small mesh segment detected on body : Dielectric 
 Segment Statistics - Number of Segments : 1 --- Segment length(s) : 54.809798mils. The cutoff frequency for S-Matrix Only Solve is 32.7857018810149MHz 
3 -1  36  460  # nfids, fids[]
2 34  -1  # nbids, bids[]
      5 4 1 0 #ntets ntri ned npts
           2.0986971616407476e+02   1.1847904337039674e+02   0.0000000000000000e+00 #xyz tv0
           1.6899999999999997e+02   1.5500000000000000e+02   0.0000000000000000e+00 #xyz tv1
           1.6899999999999997e+02   1.7806239999999994e+02   1.0000000000000000e+01 #xyz tv2
           1.7856251814123198e+02   1.2664460677327818e+02   1.0000000000000000e+01 -1 34 #xyz tv3 fid bid
           2.0986971616407476e+02   1.1847904337039674e+02   0.0000000000000000e+00 #xyz tv0
           1.6899999999999997e+02   1.7806239999999994e+02   1.0000000000000000e+01 #xyz tv1
           1.6899999999999997e+02   1.5500000000000000e+02   0.0000000000000000e+00 #xyz tv2
           1.6899999999999997e+02   1.9500000000000003e+02   0.0000000000000000e+00 -1 34 #xyz tv3 fid bid
           1.6793431345999997e+02   1.4964243195000000e+02   0.0000000000000000e+00 #xyz tv0
           1.6899999999999997e+02   1.5500000000000000e+02   0.0000000000000000e+00 #xyz tv1
           2.0986971616407476e+02   1.1847904337039674e+02   0.0000000000000000e+00 #xyz tv2
           1.7856251814123198e+02   1.2664460677327818e+02   1.0000000000000000e+01 -1 34 #xyz tv3 fid bid
           1.6899999999999997e+02   1.9500000000000003e+02   0.0000000000000000e+00 #xyz tv0
           1.6899999999999997e+02   1.5500000000000000e+02   0.0000000000000000e+00 #xyz tv1
           2.0986971616407476e+02   1.1847904337039674e+02   0.0000000000000000e+00 #xyz tv2
           1.5637499999999997e+02   1.7212500000000000e+02  -1.7339960630000000e+01 -1 34 #xyz tv3 fid bid
           1.6793431345999997e+02   1.4964243195000000e+02   0.0000000000000000e+00 #xyz tv0
           1.6899999999999997e+02   1.5500000000000000e+02   0.0000000000000000e+00 #xyz tv1
           1.5637499999999997e+02   1.7212500000000000e+02  -1.7339960630000000e+01 #xyz tv2
           2.0986971616407476e+02   1.1847904337039674e+02   0.0000000000000000e+00 -1 34 #xyz tv3 fid bid
           1.6899999999999997e+02   1.5500000000000000e+02   0.0000000000000000e+00 #xyz tv0
           1.6793431345999997e+02   1.4964243195000000e+02   0.0000000000000000e+00 #xyz tv1
           2.0986971616407476e+02   1.1847904337039674e+02   0.0000000000000000e+00 36 -1 #xyz tv2 fid bid
           1.6899999999999997e+02   1.5500000000000000e+02   0.0000000000000000e+00 #xyz tv0
           1.6793431345999997e+02   1.4964243195000000e+02   0.0000000000000000e+00 #xyz tv1
           2.0986971616407476e+02   1.1847904337039674e+02   0.0000000000000000e+00 460 -1 #xyz tv2 fid bid
           2.0986971616407476e+02   1.1847904337039674e+02   0.0000000000000000e+00 #xyz tv0
           1.6899999999999997e+02   1.9500000000000003e+02   0.0000000000000000e+00 #xyz tv1
           1.6899999999999997e+02   1.5500000000000000e+02   0.0000000000000000e+00 36 -1 #xyz tv2 fid bid
           2.0986971616407476e+02   1.1847904337039674e+02   0.0000000000000000e+00 #xyz tv0
           1.6899999999999997e+02   1.9500000000000003e+02   0.0000000000000000e+00 #xyz tv1
           1.6899999999999997e+02   1.5500000000000000e+02   0.0000000000000000e+00 460 -1 #xyz tv2 fid bid
           2.0986971616407476e+02   1.1847904337039674e+02   0.0000000000000000e+00 #xyz ev0
           1.6899999999999997e+02   1.5500000000000000e+02   0.0000000000000000e+00 -1 34 #xyz ev1 fid bid
   0   0.000000000000e+00   0.000000000000e+00   0.000000000000e+00 #flag location
END_ERR 
G3dErrFileVersion 2018P3.1
FlagFileMetaData Begin
   Mesh Size - Setup1, Refinement, Pass #2, Freq. 5.000000e+09 :Title    
   Listing of mesh elements with small segments. :ToolTip  
   hf3d :Author   
   1729890976 :TimeStamp
FlagFileMetaData End
BEGIN_ERR 
26 Small mesh segment detected on body : Dielectric
 Small mesh segment detected on body : Dielectric 
 Segment Statistics - Number of Segments : 1 --- Segment length(s) : 52.246864mils. The cutoff frequency for S-Matrix Only Solve is 32.7857018810149MHz 
3 -1  36  460  # nfids, fids[]
2 34  -1  # nbids, bids[]
      5 4 1 0 #ntets ntri ned npts
           1.6899999999999997e+02   1.5500000000000000e+02   1.0000000000000000e+01 #xyz tv0
           1.6793431345999997e+02   1.4964243195000000e+02   0.0000000000000000e+00 #xyz tv1
           2.0986971616407476e+02   1.1847904337039674e+02   0.0000000000000000e+00 #xyz tv2
           1.6899999999999997e+02   1.5500000000000000e+02   0.0000000000000000e+00 -1 34 #xyz tv3 fid bid
           1.6899999999999997e+02   1.5500000000000000e+02   1.0000000000000000e+01 #xyz tv0
           2.0986971616407476e+02   1.1847904337039674e+02   0.0000000000000000e+00 #xyz tv1
           1.6793431345999997e+02   1.4964243195000000e+02   0.0000000000000000e+00 #xyz tv2
           1.7856251814123198e+02   1.2664460677327818e+02   1.0000000000000000e+01 -1 34 #xyz tv3 fid bid
           1.6793431345999997e+02   1.4964243195000000e+02   0.0000000000000000e+00 #xyz tv0
           1.6899999999999997e+02   1.5500000000000000e+02   0.0000000000000000e+00 #xyz tv1
           1.8000000000000000e+02   1.8000000000000000e+02  -7.5614960629999999e+01 #xyz tv2
           2.0986971616407476e+02   1.1847904337039674e+02   0.0000000000000000e+00 -1 34 #xyz tv3 fid bid
           1.6793431345999997e+02   1.4964243195000000e+02   0.0000000000000000e+00 #xyz tv0
           2.0986971616407476e+02   1.1847904337039674e+02   0.0000000000000000e+00 #xyz tv1
           1.6489949494000001e+02   1.4510050505999999e+02   0.0000000000000000e+00 #xyz tv2
           1.7856251814123198e+02   1.2664460677327818e+02   1.0000000000000000e+01 -1 34 #xyz tv3 fid bid
           1.6489949494000001e+02   1.4510050505999999e+02   0.0000000000000000e+00 #xyz tv0
           1.6793431345999997e+02   1.4964243195000000e+02   0.0000000000000000e+00 #xyz tv1
           1.8000000000000000e+02   1.8000000000000000e+02  -7.5614960629999999e+01 #xyz tv2
           2.0986971616407476e+02   1.1847904337039674e+02   0.0000000000000000e+00 -1 34 #xyz tv3 fid bid
           1.6899999999999997e+02   1.5500000000000000e+02   0.0000000000000000e+00 #xyz tv0
           1.6793431345999997e+02   1.4964243195000000e+02   0.0000000000000000e+00 #xyz tv1
           2.0986971616407476e+02   1.1847904337039674e+02   0.0000000000000000e+00 36 -1 #xyz tv2 fid bid
           1.6899999999999997e+02   1.5500000000000000e+02   0.0000000000000000e+00 #xyz tv0
           1.6793431345999997e+02   1.4964243195000000e+02   0.0000000000000000e+00 #xyz tv1
           2.0986971616407476e+02   1.1847904337039674e+02   0.0000000000000000e+00 460 -1 #xyz tv2 fid bid
           1.6489949494000001e+02   1.4510050505999999e+02   0.0000000000000000e+00 #xyz tv0
           2.0986971616407476e+02   1.1847904337039674e+02   0.0000000000000000e+00 #xyz tv1
           1.6793431345999997e+02   1.4964243195000000e+02   0.0000000000000000e+00 36 -1 #xyz tv2 fid bid
           1.6489949494000001e+02   1.4510050505999999e+02   0.0000000000000000e+00 #xyz tv0
           2.0986971616407476e+02   1.1847904337039674e+02   0.0000000000000000e+00 #xyz tv1
           1.6793431345999997e+02   1.4964243195000000e+02   0.0000000000000000e+00 460 -1 #xyz tv2 fid bid
           1.6793431345999997e+02   1.4964243195000000e+02   0.0000000000000000e+00 #xyz ev0
           2.0986971616407476e+02   1.1847904337039674e+02   0.0000000000000000e+00 -1 34 #xyz ev1 fid bid
   0   0.000000000000e+00   0.000000000000e+00   0.000000000000e+00 #flag location
END_ERR 
G3dErrFileVersion 2018P3.1
FlagFileMetaData Begin
   Mesh Size - Setup1, Refinement, Pass #1, Freq. 5.000000e+09 :Title    
   Listing of mesh elements with small segments. :ToolTip  
   hf3d :Author   
   1729891036 :TimeStamp
FlagFileMetaData End
BEGIN_ERR 
26 Small mesh segment detected on body : AntiPad1
 Small mesh segment detected on body : AntiPad1 
 Segment Statistics - Number of Segments : 1 --- Segment length(s) : 0.187552mils. The cutoff frequency for S-Matrix Only Solve is 32.7857018810149MHz 
7 -1  84  496  459  500  82  7  # nfids, fids[]
2 81  -1  # nbids, bids[]
      6 8 1 0 #ntets ntri ned npts
           1.5730428155544848e+02   1.4977202936818222e+02   5.0370078739999997e+01 #xyz tv0
           1.5500000000000000e+02   1.5100000000000000e+02   4.3906485511477044e+01 #xyz tv1
           1.5347146027004922e+02   1.4130404545511351e+02   5.0370078739999997e+01 #xyz tv2
           1.5365540877844711e+02   1.4126745582197711e+02   5.0370078739999997e+01 -1 81 #xyz tv3 fid bid
           1.4964243195000000e+02   1.4206568654000000e+02   4.3273113253312552e+01 #xyz tv0
           1.5365540877844711e+02   1.4126745582197711e+02   5.0370078739999997e+01 #xyz tv1
           1.5347146027004922e+02   1.4130404545511351e+02   5.0370078739999997e+01 #xyz tv2
           1.5500000000000000e+02   1.5100000000000000e+02   4.3906485511477044e+01 -1 81 #xyz tv3 fid bid
           1.5730428155544848e+02   1.4977202936818222e+02   5.0370078739999997e+01 #xyz tv0
           1.5627214851523178e+02   1.4926252707681562e+02   5.1461415406748671e+01 #xyz tv1
           1.5365540877844711e+02   1.4126745582197711e+02   5.0370078739999997e+01 #xyz tv2
           1.5347146027004922e+02   1.4130404545511351e+02   5.0370078739999997e+01 -1 81 #xyz tv3 fid bid
           1.4964243195000000e+02   1.4206568654000000e+02   4.3273113253312552e+01 #xyz tv0
           1.5347146027004922e+02   1.4130404545511351e+02   5.0370078739999997e+01 #xyz tv1
           1.5365540877844711e+02   1.4126745582197711e+02   5.0370078739999997e+01 #xyz tv2
           1.5353999999999999e+02   1.4100000000000000e+02   5.0370078739999997e+01 -1 81 #xyz tv3 fid bid
           1.5365540877844711e+02   1.4126745582197711e+02   5.0370078739999997e+01 #xyz tv0
           1.5347146027004922e+02   1.4130404545511351e+02   5.0370078739999997e+01 #xyz tv1
           1.5627214851523178e+02   1.4926252707681562e+02   5.1461415406748671e+01 #xyz tv2
           1.3162238635615438e+02   1.7214493302967082e+02   7.4182005103470672e+01 -1 81 #xyz tv3 fid bid
           1.5365540877844711e+02   1.4126745582197711e+02   5.0370078739999997e+01 #xyz tv0
           1.5353999999999999e+02   1.4100000000000000e+02   5.0370078739999997e+01 #xyz tv1
           1.5347146027004922e+02   1.4130404545511351e+02   5.0370078739999997e+01 #xyz tv2
           1.3162238635615438e+02   1.7214493302967082e+02   7.4182005103470672e+01 -1 81 #xyz tv3 fid bid
           1.5347146027004922e+02   1.4130404545511351e+02   5.0370078739999997e+01 #xyz tv0
           1.5730428155544848e+02   1.4977202936818222e+02   5.0370078739999997e+01 #xyz tv1
           1.5365540877844711e+02   1.4126745582197711e+02   5.0370078739999997e+01 84 -1 #xyz tv2 fid bid
           1.5347146027004922e+02   1.4130404545511351e+02   5.0370078739999997e+01 #xyz tv0
           1.5730428155544848e+02   1.4977202936818222e+02   5.0370078739999997e+01 #xyz tv1
           1.5365540877844711e+02   1.4126745582197711e+02   5.0370078739999997e+01 496 -1 #xyz tv2 fid bid
           1.5347146027004922e+02   1.4130404545511351e+02   5.0370078739999997e+01 #xyz tv0
           1.5730428155544848e+02   1.4977202936818222e+02   5.0370078739999997e+01 #xyz tv1
           1.5365540877844711e+02   1.4126745582197711e+02   5.0370078739999997e+01 459 -1 #xyz tv2 fid bid
           1.5365540877844711e+02   1.4126745582197711e+02   5.0370078739999997e+01 #xyz tv0
           1.4964243195000000e+02   1.4206568654000000e+02   4.3273113253312552e+01 #xyz tv1
           1.5347146027004922e+02   1.4130404545511351e+02   5.0370078739999997e+01 500 -1 #xyz tv2 fid bid
           1.5365540877844711e+02   1.4126745582197711e+02   5.0370078739999997e+01 #xyz tv0
           1.4964243195000000e+02   1.4206568654000000e+02   4.3273113253312552e+01 #xyz tv1
           1.5347146027004922e+02   1.4130404545511351e+02   5.0370078739999997e+01 82 -1 #xyz tv2 fid bid
           1.5347146027004922e+02   1.4130404545511351e+02   5.0370078739999997e+01 #xyz tv0
           1.5365540877844711e+02   1.4126745582197711e+02   5.0370078739999997e+01 #xyz tv1
           1.5353999999999999e+02   1.4100000000000000e+02   5.0370078739999997e+01 7 -1 #xyz tv2 fid bid
           1.5347146027004922e+02   1.4130404545511351e+02   5.0370078739999997e+01 #xyz tv0
           1.5365540877844711e+02   1.4126745582197711e+02   5.0370078739999997e+01 #xyz tv1
           1.5353999999999999e+02   1.4100000000000000e+02   5.0370078739999997e+01 496 -1 #xyz tv2 fid bid
           1.5347146027004922e+02   1.4130404545511351e+02   5.0370078739999997e+01 #xyz tv0
           1.5365540877844711e+02   1.4126745582197711e+02   5.0370078739999997e+01 #xyz tv1
           1.5353999999999999e+02   1.4100000000000000e+02   5.0370078739999997e+01 459 -1 #xyz tv2 fid bid
           1.5365540877844711e+02   1.4126745582197711e+02   5.0370078739999997e+01 #xyz ev0
           1.5347146027004922e+02   1.4130404545511351e+02   5.0370078739999997e+01 -1 81 #xyz ev1 fid bid
   0   0.000000000000e+00   0.000000000000e+00   0.000000000000e+00 #flag location
END_ERR 
G3dErrFileVersion 2018P3.1
FlagFileMetaData Begin
   Mesh Size - Setup1, Refinement, Pass #2, Freq. 5.000000e+09 :Title    
   Listing of mesh elements with small segments. :ToolTip  
   hf3d :Author   
   1729891038 :TimeStamp
FlagFileMetaData End
BEGIN_ERR 
26 Small mesh segment detected on body : Dielectric
 Small mesh segment detected on body : Dielectric 
 Segment Statistics - Number of Segments : 1 --- Segment length(s) : 125.911444mils. The cutoff frequency for S-Matrix Only Solve is 32.7857018810149MHz 
6 -1  40  464  8  35  12  # nfids, fids[]
2 34  -1  # nbids, bids[]
      5 6 1 0 #ntets ntri ned npts
           2.9300706318452706e+02   1.2017688189916561e+02   1.0000000000000000e+01 #xyz tv0
           3.6000000000000000e+02   2.3538158098358315e+02   1.0000000000000000e+01 #xyz tv1
           3.6000000000000000e+02   1.5381856685641779e+02   0.0000000000000000e+00 #xyz tv2
           3.6000000000000000e+02   1.0947013655555848e+02   1.0000000000000000e+01 -1 34 #xyz tv3 fid bid
           3.9038381107328149e+02   1.4911677880690397e+02   4.0929085862477059e+01 #xyz tv0
           3.6000000000000000e+02   1.0947013655555848e+02   1.0000000000000000e+01 #xyz tv1
           3.6000000000000000e+02   1.5381856685641779e+02   0.0000000000000000e+00 #xyz tv2
           3.6000000000000000e+02   2.3538158098358315e+02   1.0000000000000000e+01 -1 34 #xyz tv3 fid bid
           2.9300706318452706e+02   1.2017688189916561e+02   1.0000000000000000e+01 #xyz tv0
           3.1324499999999995e+02   7.5104999999999976e+01   5.0370078739999997e+01 #xyz tv1
           3.6000000000000000e+02   2.3538158098358315e+02   1.0000000000000000e+01 #xyz tv2
           3.6000000000000000e+02   1.0947013655555848e+02   1.0000000000000000e+01 -1 34 #xyz tv3 fid bid
           3.6000000000000000e+02   1.0947013655555848e+02   1.0000000000000000e+01 #xyz tv0
           3.6000000000000000e+02   2.0067012000000000e+02   5.0370078739999997e+01 #xyz tv1
