G3dErrFileVersion 2018P3.1
FlagFileMetaData Begin
   Mesh Size - setup, Refinement, Pass #1, Freq. 2.500000e+09 :Title    
   Listing of mesh elements with small segments. :ToolTip  
   hf3d :Author   
   1729895234 :TimeStamp
FlagFileMetaData End
BEGIN_ERR 
26 Small mesh segment detected on body : antipad1
 Small mesh segment detected on body : antipad1 
 Segment Statistics - Number of Segments : 1 --- Segment length(s) : 0.751722mils. The cutoff frequency for S-Matrix Only Solve is 7.37678292322835MHz 
4 -1  514  405  428  # nfids, fids[]
2 82  -1  # nbids, bids[]
      4 6 1 0 #ntets ntri ned npts
           7.6536686499999995e-01  -9.3477590649999982e+00  -3.9370078739999997e+01 #xyz tv0
           3.0343338625000000e+00  -8.3255299624999992e+00  -3.9370078739999997e+01 #xyz tv1
           3.6354926100000000e+00  -8.7768555599999996e+00  -3.9370078739999997e+01 #xyz tv2
           0.0000000000000000e+00  -4.0000000000000000e+00  -3.3236159017615847e+01 -1 82 #xyz tv3 fid bid
           7.6536686499999995e-01  -9.3477590649999982e+00  -3.9370078739999997e+01 #xyz tv0
           3.6354926100000000e+00  -8.7768555599999996e+00  -3.9370078739999997e+01 #xyz tv1
           3.0343338625000000e+00  -8.3255299624999992e+00  -3.9370078739999997e+01 #xyz tv2
           4.9785689512530702e+00   3.3456341814405164e+00  -4.7572841465770239e+01 -1 82 #xyz tv3 fid bid
           3.6354926100000000e+00  -8.7768555599999996e+00  -3.9370078739999997e+01 #xyz tv0
           3.0343338625000000e+00  -8.3255299624999992e+00  -3.9370078739999997e+01 #xyz tv1
           1.5307337299999999e+00  -3.6955181299999995e+00  -3.9370078739999997e+01 #xyz tv2
           0.0000000000000000e+00  -4.0000000000000000e+00  -3.3236159017615847e+01 -1 82 #xyz tv3 fid bid
           3.6354926100000000e+00  -8.7768555599999996e+00  -3.9370078739999997e+01 #xyz tv0
           1.5307337299999999e+00  -3.6955181299999995e+00  -3.9370078739999997e+01 #xyz tv1
           3.0343338625000000e+00  -8.3255299624999992e+00  -3.9370078739999997e+01 #xyz tv2
           4.9785689512530702e+00   3.3456341814405164e+00  -4.7572841465770239e+01 -1 82 #xyz tv3 fid bid
           3.6354926100000000e+00  -8.7768555599999996e+00  -3.9370078739999997e+01 #xyz tv0
           1.5307337299999999e+00  -3.6955181299999995e+00  -3.9370078739999997e+01 #xyz tv1
           3.0343338625000000e+00  -8.3255299624999992e+00  -3.9370078739999997e+01 514 -1 #xyz tv2 fid bid
           3.6354926100000000e+00  -8.7768555599999996e+00  -3.9370078739999997e+01 #xyz tv0
           1.5307337299999999e+00  -3.6955181299999995e+00  -3.9370078739999997e+01 #xyz tv1
           3.0343338625000000e+00  -8.3255299624999992e+00  -3.9370078739999997e+01 405 -1 #xyz tv2 fid bid
           3.6354926100000000e+00  -8.7768555599999996e+00  -3.9370078739999997e+01 #xyz tv0
           1.5307337299999999e+00  -3.6955181299999995e+00  -3.9370078739999997e+01 #xyz tv1
           3.0343338625000000e+00  -8.3255299624999992e+00  -3.9370078739999997e+01 428 -1 #xyz tv2 fid bid
           7.6536686499999995e-01  -9.3477590649999982e+00  -3.9370078739999997e+01 #xyz tv0
           3.6354926100000000e+00  -8.7768555599999996e+00  -3.9370078739999997e+01 #xyz tv1
           3.0343338625000000e+00  -8.3255299624999992e+00  -3.9370078739999997e+01 514 -1 #xyz tv2 fid bid
           7.6536686499999995e-01  -9.3477590649999982e+00  -3.9370078739999997e+01 #xyz tv0
           3.6354926100000000e+00  -8.7768555599999996e+00  -3.9370078739999997e+01 #xyz tv1
           3.0343338625000000e+00  -8.3255299624999992e+00  -3.9370078739999997e+01 405 -1 #xyz tv2 fid bid
           7.6536686499999995e-01  -9.3477590649999982e+00  -3.9370078739999997e+01 #xyz tv0
           3.6354926100000000e+00  -8.7768555599999996e+00  -3.9370078739999997e+01 #xyz tv1
           3.0343338625000000e+00  -8.3255299624999992e+00  -3.9370078739999997e+01 428 -1 #xyz tv2 fid bid
           3.0343338625000000e+00  -8.3255299624999992e+00  -3.9370078739999997e+01 #xyz ev0
           3.6354926100000000e+00  -8.7768555599999996e+00  -3.9370078739999997e+01 -1 82 #xyz ev1 fid bid
   0   0.000000000000e+00   0.000000000000e+00   0.000000000000e+00 #flag location
END_ERR 
BEGIN_ERR 
26 Small mesh segment detected on body : antipad1
 Small mesh segment detected on body : antipad1 
 Segment Statistics - Number of Segments : 1 --- Segment length(s) : 0.780361mils. The cutoff frequency for S-Matrix Only Solve is 7.37678292322835MHz 
4 -1  514  405  428  # nfids, fids[]
2 82  -1  # nbids, bids[]
      4 6 1 0 #ntets ntri ned npts
          -6.7175144199999997e+00  -6.7175144199999997e+00  -3.9370078739999997e+01 #xyz tv0
          -1.5307337299999999e+00  -3.6955181299999995e+00  -3.3757258267647991e+01 #xyz tv1
          -6.0686677250000001e+00  -7.1510599250000002e+00  -3.9370078739999997e+01 #xyz tv2
          -1.0606601720000000e+01  -1.0606601720000000e+01  -3.9370078739999997e+01 -1 82 #xyz tv3 fid bid
          -6.7175144199999997e+00  -6.7175144199999997e+00  -3.9370078739999997e+01 #xyz tv0
          -6.0686677250000001e+00  -7.1510599250000002e+00  -3.9370078739999997e+01 #xyz tv1
           4.9785689512530702e+00   3.3456341814405164e+00  -4.7572841465770239e+01 #xyz tv2
          -1.0606601720000000e+01  -1.0606601720000000e+01  -3.9370078739999997e+01 -1 82 #xyz tv3 fid bid
          -6.7175144199999997e+00  -6.7175144199999997e+00  -3.9370078739999997e+01 #xyz tv0
           4.9785689512530702e+00   3.3456341814405164e+00  -4.7572841465770239e+01 #xyz tv1
          -6.0686677250000001e+00  -7.1510599250000002e+00  -3.9370078739999997e+01 #xyz tv2
          -2.8284271200000002e+00  -2.8284271200000002e+00  -3.9370078739999997e+01 -1 82 #xyz tv3 fid bid
          -6.7175144199999997e+00  -6.7175144199999997e+00  -3.9370078739999997e+01 #xyz tv0
          -6.0686677250000001e+00  -7.1510599250000002e+00  -3.9370078739999997e+01 #xyz tv1
          -1.5307337299999999e+00  -3.6955181299999995e+00  -3.3757258267647991e+01 #xyz tv2
          -2.8284271200000002e+00  -2.8284271200000002e+00  -3.9370078739999997e+01 -1 82 #xyz tv3 fid bid
          -2.8284271200000002e+00  -2.8284271200000002e+00  -3.9370078739999997e+01 #xyz tv0
          -6.7175144199999997e+00  -6.7175144199999997e+00  -3.9370078739999997e+01 #xyz tv1
          -6.0686677250000001e+00  -7.1510599250000002e+00  -3.9370078739999997e+01 514 -1 #xyz tv2 fid bid
          -2.8284271200000002e+00  -2.8284271200000002e+00  -3.9370078739999997e+01 #xyz tv0
          -6.7175144199999997e+00  -6.7175144199999997e+00  -3.9370078739999997e+01 #xyz tv1
          -6.0686677250000001e+00  -7.1510599250000002e+00  -3.9370078739999997e+01 405 -1 #xyz tv2 fid bid
          -2.8284271200000002e+00  -2.8284271200000002e+00  -3.9370078739999997e+01 #xyz tv0
          -6.7175144199999997e+00  -6.7175144199999997e+00  -3.9370078739999997e+01 #xyz tv1
          -6.0686677250000001e+00  -7.1510599250000002e+00  -3.9370078739999997e+01 428 -1 #xyz tv2 fid bid
          -6.7175144199999997e+00  -6.7175144199999997e+00  -3.9370078739999997e+01 #xyz tv0
          -1.0606601720000000e+01  -1.0606601720000000e+01  -3.9370078739999997e+01 #xyz tv1
          -6.0686677250000001e+00  -7.1510599250000002e+00  -3.9370078739999997e+01 514 -1 #xyz tv2 fid bid
          -6.7175144199999997e+00  -6.7175144199999997e+00  -3.9370078739999997e+01 #xyz tv0
          -1.0606601720000000e+01  -1.0606601720000000e+01  -3.9370078739999997e+01 #xyz tv1
          -6.0686677250000001e+00  -7.1510599250000002e+00  -3.9370078739999997e+01 405 -1 #xyz tv2 fid bid
          -6.7175144199999997e+00  -6.7175144199999997e+00  -3.9370078739999997e+01 #xyz tv0
          -1.0606601720000000e+01  -1.0606601720000000e+01  -3.9370078739999997e+01 #xyz tv1
          -6.0686677250000001e+00  -7.1510599250000002e+00  -3.9370078739999997e+01 428 -1 #xyz tv2 fid bid
          -6.7175144199999997e+00  -6.7175144199999997e+00  -3.9370078739999997e+01 #xyz ev0
          -6.0686677250000001e+00  -7.1510599250000002e+00  -3.9370078739999997e+01 -1 82 #xyz ev1 fid bid
   0   0.000000000000e+00   0.000000000000e+00   0.000000000000e+00 #flag location
END_ERR 
G3dErrFileVersion 2018P3.1
FlagFileMetaData Begin
   Mesh Size - setup, Refinement, Pass #1, Freq. 2.500000e+09 :Title    
   Listing of mesh elements with small segments. :ToolTip  
   hf3d :Author   
   1729895244 :TimeStamp
FlagFileMetaData End
BEGIN_ERR 
26 Small mesh segment detected on body : antipad1
 Small mesh segment detected on body : antipad1 
 Segment Statistics - Number of Segments : 1 --- Segment length(s) : 0.751722mils. The cutoff frequency for S-Matrix Only Solve is 7.37678292322835MHz 
4 -1  514  405  428  # nfids, fids[]
2 82  -1  # nbids, bids[]
      4 6 1 0 #ntets ntri ned npts
           7.6536686499999995e-01  -9.3477590649999982e+00  -3.9370078739999997e+01 #xyz tv0
           3.0343338625000000e+00  -8.3255299624999992e+00  -3.9370078739999997e+01 #xyz tv1
           3.6354926100000000e+00  -8.7768555599999996e+00  -3.9370078739999997e+01 #xyz tv2
           0.0000000000000000e+00  -4.0000000000000000e+00  -3.3236159017615847e+01 -1 82 #xyz tv3 fid bid
           7.6536686499999995e-01  -9.3477590649999982e+00  -3.9370078739999997e+01 #xyz tv0
           3.6354926100000000e+00  -8.7768555599999996e+00  -3.9370078739999997e+01 #xyz tv1
           3.0343338625000000e+00  -8.3255299624999992e+00  -3.9370078739999997e+01 #xyz tv2
           4.9785689512530702e+00   3.3456341814405164e+00  -4.7572841465770239e+01 -1 82 #xyz tv3 fid bid
           3.6354926100000000e+00  -8.7768555599999996e+00  -3.9370078739999997e+01 #xyz tv0
           3.0343338625000000e+00  -8.3255299624999992e+00  -3.9370078739999997e+01 #xyz tv1
           1.5307337299999999e+00  -3.6955181299999995e+00  -3.9370078739999997e+01 #xyz tv2
           0.0000000000000000e+00  -4.0000000000000000e+00  -3.3236159017615847e+01 -1 82 #xyz tv3 fid bid
           3.6354926100000000e+00  -8.7768555599999996e+00  -3.9370078739999997e+01 #xyz tv0
           1.5307337299999999e+00  -3.6955181299999995e+00  -3.9370078739999997e+01 #xyz tv1
           3.0343338625000000e+00  -8.3255299624999992e+00  -3.9370078739999997e+01 #xyz tv2
           4.9785689512530702e+00   3.3456341814405164e+00  -4.7572841465770239e+01 -1 82 #xyz tv3 fid bid
           3.6354926100000000e+00  -8.7768555599999996e+00  -3.9370078739999997e+01 #xyz tv0
           1.5307337299999999e+00  -3.6955181299999995e+00  -3.9370078739999997e+01 #xyz tv1
           3.0343338625000000e+00  -8.3255299624999992e+00  -3.9370078739999997e+01 514 -1 #xyz tv2 fid bid
           3.6354926100000000e+00  -8.7768555599999996e+00  -3.9370078739999997e+01 #xyz tv0
           1.5307337299999999e+00  -3.6955181299999995e+00  -3.9370078739999997e+01 #xyz tv1
           3.0343338625000000e+00  -8.3255299624999992e+00  -3.9370078739999997e+01 405 -1 #xyz tv2 fid bid
           3.6354926100000000e+00  -8.7768555599999996e+00  -3.9370078739999997e+01 #xyz tv0
           1.5307337299999999e+00  -3.6955181299999995e+00  -3.9370078739999997e+01 #xyz tv1
           3.0343338625000000e+00  -8.3255299624999992e+00  -3.9370078739999997e+01 428 -1 #xyz tv2 fid bid
           7.6536686499999995e-01  -9.3477590649999982e+00  -3.9370078739999997e+01 #xyz tv0
           3.6354926100000000e+00  -8.7768555599999996e+00  -3.9370078739999997e+01 #xyz tv1
           3.0343338625000000e+00  -8.3255299624999992e+00  -3.9370078739999997e+01 514 -1 #xyz tv2 fid bid
           7.6536686499999995e-01  -9.3477590649999982e+00  -3.9370078739999997e+01 #xyz tv0
           3.6354926100000000e+00  -8.7768555599999996e+00  -3.9370078739999997e+01 #xyz tv1
           3.0343338625000000e+00  -8.3255299624999992e+00  -3.9370078739999997e+01 405 -1 #xyz tv2 fid bid
           7.6536686499999995e-01  -9.3477590649999982e+00  -3.9370078739999997e+01 #xyz tv0
           3.6354926100000000e+00  -8.7768555599999996e+00  -3.9370078739999997e+01 #xyz tv1
           3.0343338625000000e+00  -8.3255299624999992e+00  -3.9370078739999997e+01 428 -1 #xyz tv2 fid bid
           3.0343338625000000e+00  -8.3255299624999992e+00  -3.9370078739999997e+01 #xyz ev0
           3.6354926100000000e+00  -8.7768555599999996e+00  -3.9370078739999997e+01 -1 82 #xyz ev1 fid bid
   0   0.000000000000e+00   0.000000000000e+00   0.000000000000e+00 #flag location
END_ERR 
BEGIN_ERR 
26 Small mesh segment detected on body : antipad1
 Small mesh segment detected on body : antipad1 
 Segment Statistics - Number of Segments : 1 --- Segment length(s) : 0.780361mils. The cutoff frequency for S-Matrix Only Solve is 7.37678292322835MHz 
4 -1  514  405  428  # nfids, fids[]
2 82  -1  # nbids, bids[]
      4 6 1 0 #ntets ntri ned npts
          -6.7175144199999997e+00  -6.7175144199999997e+00  -3.9370078739999997e+01 #xyz tv0
          -1.5307337299999999e+00  -3.6955181299999995e+00  -3.3757258267647991e+01 #xyz tv1
          -6.0686677250000001e+00  -7.1510599250000002e+00  -3.9370078739999997e+01 #xyz tv2
          -1.0606601720000000e+01  -1.0606601720000000e+01  -3.9370078739999997e+01 -1 82 #xyz tv3 fid bid
          -6.7175144199999997e+00  -6.7175144199999997e+00  -3.9370078739999997e+01 #xyz tv0
          -6.0686677250000001e+00  -7.1510599250000002e+00  -3.9370078739999997e+01 #xyz tv1
           4.9785689512530702e+00   3.3456341814405164e+00  -4.7572841465770239e+01 #xyz tv2
          -1.0606601720000000e+01  -1.0606601720000000e+01  -3.9370078739999997e+01 -1 82 #xyz tv3 fid bid
          -6.7175144199999997e+00  -6.7175144199999997e+00  -3.9370078739999997e+01 #xyz tv0
           4.9785689512530702e+00   3.3456341814405164e+00  -4.7572841465770239e+01 #xyz tv1
          -6.0686677250000001e+00  -7.1510599250000002e+00  -3.9370078739999997e+01 #xyz tv2
          -2.8284271200000002e+00  -2.8284271200000002e+00  -3.9370078739999997e+01 -1 82 #xyz tv3 fid bid
          -6.7175144199999997e+00  -6.7175144199999997e+00  -3.9370078739999997e+01 #xyz tv0
          -6.0686677250000001e+00  -7.1510599250000002e+00  -3.9370078739999997e+01 #xyz tv1
          -1.5307337299999999e+00  -3.6955181299999995e+00  -3.3757258267647991e+01 #xyz tv2
          -2.8284271200000002e+00  -2.8284271200000002e+00  -3.9370078739999997e+01 -1 82 #xyz tv3 fid bid
          -2.8284271200000002e+00  -2.8284271200000002e+00  -3.9370078739999997e+01 #xyz tv0
          -6.7175144199999997e+00  -6.7175144199999997e+00  -3.9370078739999997e+01 #xyz tv1
          -6.0686677250000001e+00  -7.1510599250000002e+00  -3.9370078739999997e+01 514 -1 #xyz tv2 fid bid
          -2.8284271200000002e+00  -2.8284271200000002e+00  -3.9370078739999997e+01 #xyz tv0
          -6.7175144199999997e+00  -6.7175144199999997e+00  -3.9370078739999997e+01 #xyz tv1
          -6.0686677250000001e+00  -7.1510599250000002e+00  -3.9370078739999997e+01 405 -1 #xyz tv2 fid bid
          -2.8284271200000002e+00  -2.8284271200000002e+00  -3.9370078739999997e+01 #xyz tv0
          -6.7175144199999997e+00  -6.7175144199999997e+00  -3.9370078739999997e+01 #xyz tv1
          -6.0686677250000001e+00  -7.1510599250000002e+00  -3.9370078739999997e+01 428 -1 #xyz tv2 fid bid
          -6.7175144199999997e+00  -6.7175144199999997e+00  -3.9370078739999997e+01 #xyz tv0
          -1.0606601720000000e+01  -1.0606601720000000e+01  -3.9370078739999997e+01 #xyz tv1
          -6.0686677250000001e+00  -7.1510599250000002e+00  -3.9370078739999997e+01 514 -1 #xyz tv2 fid bid
          -6.7175144199999997e+00  -6.7175144199999997e+00  -3.9370078739999997e+01 #xyz tv0
          -1.0606601720000000e+01  -1.0606601720000000e+01  -3.9370078739999997e+01 #xyz tv1
          -6.0686677250000001e+00  -7.1510599250000002e+00  -3.9370078739999997e+01 405 -1 #xyz tv2 fid bid
          -6.7175144199999997e+00  -6.7175144199999997e+00  -3.9370078739999997e+01 #xyz tv0
          -1.0606601720000000e+01  -1.0606601720000000e+01  -3.9370078739999997e+01 #xyz tv1
          -6.0686677250000001e+00  -7.1510599250000002e+00  -3.9370078739999997e+01 428 -1 #xyz tv2 fid bid
          -6.7175144199999997e+00  -6.7175144199999997e+00  -3.9370078739999997e+01 #xyz ev0
          -6.0686677250000001e+00  -7.1510599250000002e+00  -3.9370078739999997e+01 -1 82 #xyz ev1 fid bid
   0   0.000000000000e+00   0.000000000000e+00   0.000000000000e+00 #flag location
END_ERR 
G3dErrFileVersion 2018P3.1
FlagFileMetaData Begin
   Mesh Size - setup, Refinement, Pass #2, Freq. 2.500000e+09 :Title    
   Listing of mesh elements with small segments. :ToolTip  
   hf3d :Author   
   1729895257 :TimeStamp
FlagFileMetaData End
BEGIN_ERR 
26 Small mesh segment detected on body : antipad1
 Small mesh segment detected on body : antipad1 
 Segment Statistics - Number of Segments : 1 --- Segment length(s) : 0.719322mils. The cutoff frequency for S-Matrix Only Solve is 7.37678292322835MHz 
4 -1  514  405  428  # nfids, fids[]
2 82  -1  # nbids, bids[]
      4 6 1 0 #ntets ntri ned npts
           8.7768555599999996e+00  -2.1047588800000003e+00  -3.9370078739999997e+01 #xyz tv0
           8.7768555599999996e+00  -3.6354926100000000e+00  -3.9370078739999997e+01 #xyz tv1
           3.6955181299999995e+00  -1.5307337299999999e+00  -3.2537949634926299e+01 #xyz tv2
           9.2240797633333322e+00  -2.6681539333333335e+00  -3.9370078739999997e+01 -1 82 #xyz tv3 fid bid
           3.6955181299999995e+00  -1.5307337299999999e+00  -3.2537949634926299e+01 #xyz tv0
           1.1280977194708608e+01  -1.7322280261072849e+00  -3.9370078739999997e+01 #xyz tv1
           8.7768555599999996e+00  -2.1047588800000003e+00  -3.9370078739999997e+01 #xyz tv2
           9.2240797633333322e+00  -2.6681539333333335e+00  -3.9370078739999997e+01 -1 82 #xyz tv3 fid bid
           4.9785689512530702e+00   3.3456341814405164e+00  -4.7572841465770239e+01 #xyz tv0
           8.7768555599999996e+00  -3.6354926100000000e+00  -3.9370078739999997e+01 #xyz tv1
           8.7768555599999996e+00  -2.1047588800000003e+00  -3.9370078739999997e+01 #xyz tv2
           9.2240797633333322e+00  -2.6681539333333335e+00  -3.9370078739999997e+01 -1 82 #xyz tv3 fid bid
           9.2240797633333322e+00  -2.6681539333333335e+00  -3.9370078739999997e+01 #xyz tv0
           4.9785689512530702e+00   3.3456341814405164e+00  -4.7572841465770239e+01 #xyz tv1
           1.1280977194708608e+01  -1.7322280261072849e+00  -3.9370078739999997e+01 #xyz tv2
           8.7768555599999996e+00  -2.1047588800000003e+00  -3.9370078739999997e+01 -1 82 #xyz tv3 fid bid
           9.2240797633333322e+00  -2.6681539333333335e+00  -3.9370078739999997e+01 #xyz tv0
           1.1280977194708608e+01  -1.7322280261072849e+00  -3.9370078739999997e+01 #xyz tv1
           8.7768555599999996e+00  -2.1047588800000003e+00  -3.9370078739999997e+01 514 -1 #xyz tv2 fid bid
           9.2240797633333322e+00  -2.6681539333333335e+00  -3.9370078739999997e+01 #xyz tv0
           1.1280977194708608e+01  -1.7322280261072849e+00  -3.9370078739999997e+01 #xyz tv1
           8.7768555599999996e+00  -2.1047588800000003e+00  -3.9370078739999997e+01 405 -1 #xyz tv2 fid bid
           9.2240797633333322e+00  -2.6681539333333335e+00  -3.9370078739999997e+01 #xyz tv0
           1.1280977194708608e+01  -1.7322280261072849e+00  -3.9370078739999997e+01 #xyz tv1
           8.7768555599999996e+00  -2.1047588800000003e+00  -3.9370078739999997e+01 428 -1 #xyz tv2 fid bid
           8.7768555599999996e+00  -2.1047588800000003e+00  -3.9370078739999997e+01 #xyz tv0
           8.7768555599999996e+00  -3.6354926100000000e+00  -3.9370078739999997e+01 #xyz tv1
           9.2240797633333322e+00  -2.6681539333333335e+00  -3.9370078739999997e+01 514 -1 #xyz tv2 fid bid
           8.7768555599999996e+00  -2.1047588800000003e+00  -3.9370078739999997e+01 #xyz tv0
           8.7768555599999996e+00  -3.6354926100000000e+00  -3.9370078739999997e+01 #xyz tv1
           9.2240797633333322e+00  -2.6681539333333335e+00  -3.9370078739999997e+01 405 -1 #xyz tv2 fid bid
           8.7768555599999996e+00  -2.1047588800000003e+00  -3.9370078739999997e+01 #xyz tv0
           8.7768555599999996e+00  -3.6354926100000000e+00  -3.9370078739999997e+01 #xyz tv1
           9.2240797633333322e+00  -2.6681539333333335e+00  -3.9370078739999997e+01 428 -1 #xyz tv2 fid bid
           8.7768555599999996e+00  -2.1047588800000003e+00  -3.9370078739999997e+01 #xyz ev0
           9.2240797633333322e+00  -2.6681539333333335e+00  -3.9370078739999997e+01 -1 82 #xyz ev1 fid bid
   0   0.000000000000e+00   0.000000000000e+00   0.000000000000e+00 #flag location
END_ERR 
BEGIN_ERR 
26 Small mesh segment detected on body : antipad1
 Small mesh segment detected on body : antipad1 
 Segment Statistics - Number of Segments : 1 --- Segment length(s) : 1.065717mils. The cutoff frequency for S-Matrix Only Solve is 7.37678292322835MHz 
4 -1  514  405  428  # nfids, fids[]
2 82  -1  # nbids, bids[]
      5 6 1 0 #ntets ntri ned npts
           3.6955181299999995e+00  -1.5307337299999999e+00  -3.2537949634926299e+01 #xyz tv0
           9.2240797633333322e+00  -2.6681539333333335e+00  -3.9370078739999997e+01 #xyz tv1
           8.7768555599999996e+00  -3.6354926100000000e+00  -3.9370078739999997e+01 #xyz tv2
           9.6849511226753222e+00  -3.3359492090726839e+00  -2.7164404695018163e+01 -1 82 #xyz tv3 fid bid
           8.7768555599999996e+00  -3.6354926100000000e+00  -3.9370078739999997e+01 #xyz tv0
           9.2240797633333322e+00  -2.6681539333333335e+00  -3.9370078739999997e+01 #xyz tv1
           1.1280977194708608e+01  -1.7322280261072849e+00  -3.9370078739999997e+01 #xyz tv2
           9.6849511226753222e+00  -3.3359492090726839e+00  -2.7164404695018163e+01 -1 82 #xyz tv3 fid bid
           8.7768555599999996e+00  -2.1047588800000003e+00  -3.9370078739999997e+01 #xyz tv0
           8.7768555599999996e+00  -3.6354926100000000e+00  -3.9370078739999997e+01 #xyz tv1
           3.6955181299999995e+00  -1.5307337299999999e+00  -3.2537949634926299e+01 #xyz tv2
           9.2240797633333322e+00  -2.6681539333333335e+00  -3.9370078739999997e+01 -1 82 #xyz tv3 fid bid
           8.7768555599999996e+00  -3.6354926100000000e+00  -3.9370078739999997e+01 #xyz tv0
           4.9785689512530702e+00   3.3456341814405164e+00  -4.7572841465770239e+01 #xyz tv1
           1.1280977194708608e+01  -1.7322280261072849e+00  -3.9370078739999997e+01 #xyz tv2
           9.2240797633333322e+00  -2.6681539333333335e+00  -3.9370078739999997e+01 -1 82 #xyz tv3 fid bid
           4.9785689512530702e+00   3.3456341814405164e+00  -4.7572841465770239e+01 #xyz tv0
           8.7768555599999996e+00  -3.6354926100000000e+00  -3.9370078739999997e+01 #xyz tv1
           8.7768555599999996e+00  -2.1047588800000003e+00  -3.9370078739999997e+01 #xyz tv2
           9.2240797633333322e+00  -2.6681539333333335e+00  -3.9370078739999997e+01 -1 82 #xyz tv3 fid bid
           8.7768555599999996e+00  -3.6354926100000000e+00  -3.9370078739999997e+01 #xyz tv0
           1.1280977194708608e+01  -1.7322280261072849e+00  -3.9370078739999997e+01 #xyz tv1
           9.2240797633333322e+00  -2.6681539333333335e+00  -3.9370078739999997e+01 514 -1 #xyz tv2 fid bid
           8.7768555599999996e+00  -3.6354926100000000e+00  -3.9370078739999997e+01 #xyz tv0
           1.1280977194708608e+01  -1.7322280261072849e+00  -3.9370078739999997e+01 #xyz tv1
           9.2240797633333322e+00  -2.6681539333333335e+00  -3.9370078739999997e+01 405 -1 #xyz tv2 fid bid
           8.7768555599999996e+00  -3.6354926100000000e+00  -3.9370078739999997e+01 #xyz tv0
           1.1280977194708608e+01  -1.7322280261072849e+00  -3.9370078739999997e+01 #xyz tv1
           9.2240797633333322e+00  -2.6681539333333335e+00  -3.9370078739999997e+01 428 -1 #xyz tv2 fid bid
           8.7768555599999996e+00  -2.1047588800000003e+00  -3.9370078739999997e+01 #xyz tv0
           8.7768555599999996e+00  -3.6354926100000000e+00  -3.9370078739999997e+01 #xyz tv1
           9.2240797633333322e+00  -2.6681539333333335e+00  -3.9370078739999997e+01 514 -1 #xyz tv2 fid bid
           8.7768555599999996e+00  -2.1047588800000003e+00  -3.9370078739999997e+01 #xyz tv0
           8.7768555599999996e+00  -3.6354926100000000e+00  -3.9370078739999997e+01 #xyz tv1
           9.2240797633333322e+00  -2.6681539333333335e+00  -3.9370078739999997e+01 405 -1 #xyz tv2 fid bid
           8.7768555599999996e+00  -2.1047588800000003e+00  -3.9370078739999997e+01 #xyz tv0
           8.7768555599999996e+00  -3.6354926100000000e+00  -3.9370078739999997e+01 #xyz tv1
           9.2240797633333322e+00  -2.6681539333333335e+00  -3.9370078739999997e+01 428 -1 #xyz tv2 fid bid
           9.2240797633333322e+00  -2.6681539333333335e+00  -3.9370078739999997e+01 #xyz ev0
           8.7768555599999996e+00  -3.6354926100000000e+00  -3.9370078739999997e+01 -1 82 #xyz ev1 fid bid
   0   0.000000000000e+00   0.000000000000e+00   0.000000000000e+00 #flag location
END_ERR 
G3dErrFileVersion 2018P3.1
FlagFileMetaData Begin
   Mesh Size - setup, Refinement, Pass #3, Freq. 2.500000e+09 :Title    
   Listing of mesh elements with small segments. :ToolTip  
   hf3d :Author   
   1729895273 :TimeStamp
FlagFileMetaData End
BEGIN_ERR 
26 Small mesh segment detected on body : antipad1
 Small mesh segment detected on body : antipad1 
 Segment Statistics - Number of Segments : 1 --- Segment length(s) : 0.719322mils. The cutoff frequency for S-Matrix Only Solve is 7.37678292322835MHz 
4 -1  514  405  428  # nfids, fids[]
2 82  -1  # nbids, bids[]
      4 6 1 0 #ntets ntri ned npts
           8.7768555599999996e+00  -2.1047588800000003e+00  -3.9370078739999997e+01 #xyz tv0
           8.7768555599999996e+00  -3.6354926100000000e+00  -3.9370078739999997e+01 #xyz tv1
           3.6955181299999995e+00  -1.5307337299999999e+00  -3.2537949634926299e+01 #xyz tv2
           9.2240797633333322e+00  -2.6681539333333335e+00  -3.9370078739999997e+01 -1 82 #xyz tv3 fid bid
           3.6955181299999995e+00  -1.5307337299999999e+00  -3.2537949634926299e+01 #xyz tv0
           1.1280977194708608e+01  -1.7322280261072849e+00  -3.9370078739999997e+01 #xyz tv1
           8.7768555599999996e+00  -2.1047588800000003e+00  -3.9370078739999997e+01 #xyz tv2
           9.2240797633333322e+00  -2.6681539333333335e+00  -3.9370078739999997e+01 -1 82 #xyz tv3 fid bid
           4.9785689512530702e+00   3.3456341814405164e+00  -4.7572841465770239e+01 #xyz tv0
           8.7768555599999996e+00  -3.6354926100000000e+00  -3.9370078739999997e+01 #xyz tv1
           8.7768555599999996e+00  -2.1047588800000003e+00  -3.9370078739999997e+01 #xyz tv2
           9.2240797633333322e+00  -2.6681539333333335e+00  -3.9370078739999997e+01 -1 82 #xyz tv3 fid bid
           9.2240797633333322e+00  -2.6681539333333335e+00  -3.9370078739999997e+01 #xyz tv0
           4.9785689512530702e+00   3.3456341814405164e+00  -4.7572841465770239e+01 #xyz tv1
           1.1280977194708608e+01  -1.7322280261072849e+00  -3.9370078739999997e+01 #xyz tv2
           8.7768555599999996e+00  -2.1047588800000003e+00  -3.9370078739999997e+01 -1 82 #xyz tv3 fid bid
           9.2240797633333322e+00  -2.6681539333333335e+00  -3.9370078739999997e+01 #xyz tv0
           1.1280977194708608e+01  -1.7322280261072849e+00  -3.9370078739999997e+01 #xyz tv1
           8.7768555599999996e+00  -2.1047588800000003e+00  -3.9370078739999997e+01 514 -1 #xyz tv2 fid bid
           9.2240797633333322e+00  -2.6681539333333335e+00  -3.9370078739999997e+01 #xyz tv0
           1.1280977194708608e+01  -1.7322280261072849e+00  -3.9370078739999997e+01 #xyz tv1
           8.7768555599999996e+00  -2.1047588800000003e+00  -3.9370078739999997e+01 405 -1 #xyz tv2 fid bid
           9.2240797633333322e+00  -2.6681539333333335e+00  -3.9370078739999997e+01 #xyz tv0
           1.1280977194708608e+01  -1.7322280261072849e+00  -3.9370078739999997e+01 #xyz tv1
           8.7768555599999996e+00  -2.1047588800000003e+00  -3.9370078739999997e+01 428 -1 #xyz tv2 fid bid
           8.7768555599999996e+00  -2.1047588800000003e+00  -3.9370078739999997e+01 #xyz tv0
           8.7768555599999996e+00  -3.6354926100000000e+00  -3.9370078739999997e+01 #xyz tv1
           9.2240797633333322e+00  -2.6681539333333335e+00  -3.9370078739999997e+01 514 -1 #xyz tv2 fid bid
           8.7768555599999996e+00  -2.1047588800000003e+00  -3.9370078739999997e+01 #xyz tv0
           8.7768555599999996e+00  -3.6354926100000000e+00  -3.9370078739999997e+01 #xyz tv1
           9.2240797633333322e+00  -2.6681539333333335e+00  -3.9370078739999997e+01 405 -1 #xyz tv2 fid bid
           8.7768555599999996e+00  -2.1047588800000003e+00  -3.9370078739999997e+01 #xyz tv0
           8.7768555599999996e+00  -3.6354926100000000e+00  -3.9370078739999997e+01 #xyz tv1
           9.2240797633333322e+00  -2.6681539333333335e+00  -3.9370078739999997e+01 428 -1 #xyz tv2 fid bid
           8.7768555599999996e+00  -2.1047588800000003e+00  -3.9370078739999997e+01 #xyz ev0
           9.2240797633333322e+00  -2.6681539333333335e+00  -3.9370078739999997e+01 -1 82 #xyz ev1 fid bid
   0   0.000000000000e+00   0.000000000000e+00   0.000000000000e+00 #flag location
END_ERR 
BEGIN_ERR 
26 Small mesh segment detected on body : antipad1
 Small mesh segment detected on body : antipad1 
 Segment Statistics - Number of Segments : 1 --- Segment length(s) : 1.065717mils. The cutoff frequency for S-Matrix Only Solve is 7.37678292322835MHz 
4 -1  514  405  428  # nfids, fids[]
2 82  -1  # nbids, bids[]
      5 6 1 0 #ntets ntri ned npts
           3.6955181299999995e+00  -1.5307337299999999e+00  -3.2537949634926299e+01 #xyz tv0
           9.2240797633333322e+00  -2.6681539333333335e+00  -3.9370078739999997e+01 #xyz tv1
           8.7768555599999996e+00  -3.6354926100000000e+00  -3.9370078739999997e+01 #xyz tv2
           8.6332193009282534e+00  -3.0945291833256761e+00  -2.8933145549905909e+01 -1 82 #xyz tv3 fid bid
           8.7768555599999996e+00  -3.6354926100000000e+00  -3.9370078739999997e+01 #xyz tv0
           9.2240797633333322e+00  -2.6681539333333335e+00  -3.9370078739999997e+01 #xyz tv1
           1.1280977194708608e+01  -1.7322280261072849e+00  -3.9370078739999997e+01 #xyz tv2
           8.6332193009282534e+00  -3.0945291833256761e+00  -2.8933145549905909e+01 -1 82 #xyz tv3 fid bid
           8.7768555599999996e+00  -2.1047588800000003e+00  -3.9370078739999997e+01 #xyz tv0
           8.7768555599999996e+00  -3.6354926100000000e+00  -3.9370078739999997e+01 #xyz tv1
           3.6955181299999995e+00  -1.5307337299999999e+00  -3.2537949634926299e+01 #xyz tv2
           9.2240797633333322e+00  -2.6681539333333335e+00  -3.9370078739999997e+01 -1 82 #xyz tv3 fid bid
           8.7768555599999996e+00  -3.6354926100000000e+00  -3.9370078739999997e+01 #xyz tv0
           4.9785689512530702e+00   3.3456341814405164e+00  -4.7572841465770239e+01 #xyz tv1
           1.1280977194708608e+01  -1.7322280261072849e+00  -3.9370078739999997e+01 #xyz tv2
           9.2240797633333322e+00  -2.6681539333333335e+00  -3.9370078739999997e+01 -1 82 #xyz tv3 fid bid
           4.9785689512530702e+00   3.3456341814405164e+00  -4.7572841465770239e+01 #xyz tv0
           8.7768555599999996e+00  -3.6354926100000000e+00  -3.9370078739999997e+01 #xyz tv1
           8.7768555599999996e+00  -2.1047588800000003e+00  -3.9370078739999997e+01 #xyz tv2
           9.2240797633333322e+00  -2.6681539333333335e+00  -3.9370078739999997e+01 -1 82 #xyz tv3 fid bid
           8.7768555599999996e+00  -3.6354926100000000e+00  -3.9370078739999997e+01 #xyz tv0
           1.1280977194708608e+01  -1.7322280261072849e+00  -3.9370078739999997e+01 #xyz tv1
           9.2240797633333322e+00  -2.6681539333333335e+00  -3.9370078739999997e+01 514 -1 #xyz tv2 fid bid
           8.7768555599999996e+00  -3.6354926100000000e+00  -3.9370078739999997e+01 #xyz tv0
           1.1280977194708608e+01  -1.7322280261072849e+00  -3.9370078739999997e+01 #xyz tv1
           9.2240797633333322e+00  -2.6681539333333335e+00  -3.9370078739999997e+01 405 -1 #xyz tv2 fid bid
           8.7768555599999996e+00  -3.6354926100000000e+00  -3.9370078739999997e+01 #xyz tv0
           1.1280977194708608e+01  -1.7322280261072849e+00  -3.9370078739999997e+01 #xyz tv1
           9.2240797633333322e+00  -2.6681539333333335e+00  -3.9370078739999997e+01 428 -1 #xyz tv2 fid bid
           8.7768555599999996e+00  -2.1047588800000003e+00  -3.9370078739999997e+01 #xyz tv0
           8.7768555599999996e+00  -3.6354926100000000e+00  -3.9370078739999997e+01 #xyz tv1
           9.2240797633333322e+00  -2.6681539333333335e+00  -3.9370078739999997e+01 514 -1 #xyz tv2 fid bid
           8.7768555599999996e+00  -2.1047588800000003e+00  -3.9370078739999997e+01 #xyz tv0
           8.7768555599999996e+00  -3.6354926100000000e+00  -3.9370078739999997e+01 #xyz tv1
           9.2240797633333322e+00  -2.6681539333333335e+00  -3.9370078739999997e+01 405 -1 #xyz tv2 fid bid
           8.7768555599999996e+00  -2.1047588800000003e+00  -3.9370078739999997e+01 #xyz tv0
           8.7768555599999996e+00  -3.6354926100000000e+00  -3.9370078739999997e+01 #xyz tv1
           9.2240797633333322e+00  -2.6681539333333335e+00  -3.9370078739999997e+01 428 -1 #xyz tv2 fid bid
           9.2240797633333322e+00  -2.6681539333333335e+00  -3.9370078739999997e+01 #xyz ev0
           8.7768555599999996e+00  -3.6354926100000000e+00  -3.9370078739999997e+01 -1 82 #xyz ev1 fid bid
   0   0.000000000000e+00   0.000000000000e+00   0.000000000000e+00 #flag location
END_ERR 
BEGIN_ERR 
26 Small mesh segment detected on body : antipad1
 Small mesh segment detected on body : antipad1 
 Segment Statistics - Number of Segments : 1 --- Segment length(s) : 1.301573mils. The cutoff frequency for S-Matrix Only Solve is 7.37678292322835MHz 
4 -1  513  85  475  # nfids, fids[]
2 82  -1  # nbids, bids[]
      4 6 1 0 #ntets ntri ned npts
           2.8701257450000002e+00   8.9290964949999996e+00   5.7270078740000010e+01 #xyz tv0
           1.5870666654969132e+00   9.1478478229178855e+00   5.7270078740000010e+01 #xyz tv1
           3.1204742763948325e+00   7.3425170613441741e+00   5.3251255108214941e+01 #xyz tv2
           5.7402514900000003e+00   1.3858192989999999e+01   5.7270078740000010e+01 -1 82 #xyz tv3 fid bid
           2.8701257450000002e+00   8.9290964949999996e+00   5.7270078740000010e+01 #xyz tv0
           3.1204742763948325e+00   7.3425170613441741e+00   5.3251255108214941e+01 #xyz tv1
           1.5870666654969132e+00   9.1478478229178855e+00   5.7270078740000010e+01 #xyz tv2
           0.0000000000000000e+00   4.0000000000000000e+00   5.7270078740000010e+01 -1 82 #xyz tv3 fid bid
           2.8701257450000002e+00   8.9290964949999996e+00   5.7270078740000010e+01 #xyz tv0
           2.5621054130326635e+00  -1.1212633995662417e+01   8.0244757313150899e+01 #xyz tv1
           1.5870666654969132e+00   9.1478478229178855e+00   5.7270078740000010e+01 #xyz tv2
           5.7402514900000003e+00   1.3858192989999999e+01   5.7270078740000010e+01 -1 82 #xyz tv3 fid bid
           2.8701257450000002e+00   8.9290964949999996e+00   5.7270078740000010e+01 #xyz tv0
           1.5870666654969132e+00   9.1478478229178855e+00   5.7270078740000010e+01 #xyz tv1
           2.5621054130326635e+00  -1.1212633995662417e+01   8.0244757313150899e+01 #xyz tv2
           0.0000000000000000e+00   4.0000000000000000e+00   5.7270078740000010e+01 -1 82 #xyz tv3 fid bid
           5.7402514900000003e+00   1.3858192989999999e+01   5.7270078740000010e+01 #xyz tv0
           2.8701257450000002e+00   8.9290964949999996e+00   5.7270078740000010e+01 #xyz tv1
           1.5870666654969132e+00   9.1478478229178855e+00   5.7270078740000010e+01 513 -1 #xyz tv2 fid bid
           5.7402514900000003e+00   1.3858192989999999e+01   5.7270078740000010e+01 #xyz tv0
           2.8701257450000002e+00   8.9290964949999996e+00   5.7270078740000010e+01 #xyz tv1
           1.5870666654969132e+00   9.1478478229178855e+00   5.7270078740000010e+01 85 -1 #xyz tv2 fid bid
           5.7402514900000003e+00   1.3858192989999999e+01   5.7270078740000010e+01 #xyz tv0
           2.8701257450000002e+00   8.9290964949999996e+00   5.7270078740000010e+01 #xyz tv1
           1.5870666654969132e+00   9.1478478229178855e+00   5.7270078740000010e+01 475 -1 #xyz tv2 fid bid
           2.8701257450000002e+00   8.9290964949999996e+00   5.7270078740000010e+01 #xyz tv0
           0.0000000000000000e+00   4.0000000000000000e+00   5.7270078740000010e+01 #xyz tv1
           1.5870666654969132e+00   9.1478478229178855e+00   5.7270078740000010e+01 513 -1 #xyz tv2 fid bid
           2.8701257450000002e+00   8.9290964949999996e+00   5.7270078740000010e+01 #xyz tv0
           0.0000000000000000e+00   4.0000000000000000e+00   5.7270078740000010e+01 #xyz tv1
           1.5870666654969132e+00   9.1478478229178855e+00   5.7270078740000010e+01 85 -1 #xyz tv2 fid bid
           2.8701257450000002e+00   8.9290964949999996e+00   5.7270078740000010e+01 #xyz tv0
           0.0000000000000000e+00   4.0000000000000000e+00   5.7270078740000010e+01 #xyz tv1
           1.5870666654969132e+00   9.1478478229178855e+00   5.7270078740000010e+01 475 -1 #xyz tv2 fid bid
           2.8701257450000002e+00   8.9290964949999996e+00   5.7270078740000010e+01 #xyz ev0
           1.5870666654969132e+00   9.1478478229178855e+00   5.7270078740000010e+01 -1 82 #xyz ev1 fid bid
   0   0.000000000000e+00   0.000000000000e+00   0.000000000000e+00 #flag location
END_ERR 
G3dErrFileVersion 2018P3.1
FlagFileMetaData Begin
   Mesh Size - setup, Refinement, Pass #4, Freq. 2.500000e+09 :Title    
   Listing of mesh elements with small segments. :ToolTip  
   hf3d :Author   
   1729895291 :TimeStamp
FlagFileMetaData End
BEGIN_ERR 
26 Small mesh segment detected on body : antipad1
 Small mesh segment detected on body : antipad1 
 Segment Statistics - Number of Segments : 1 --- Segment length(s) : 0.719322mils. The cutoff frequency for S-Matrix Only Solve is 7.37678292322835MHz 
4 -1  514  405  428  # nfids, fids[]
2 82  -1  # nbids, bids[]
      5 6 1 0 #ntets ntri ned npts
           1.1280977194708608e+01  -1.7322280261072849e+00  -3.9370078739999997e+01 #xyz tv0
           9.2240797633333322e+00  -2.6681539333333335e+00  -3.9370078739999997e+01 #xyz tv1
           8.7768555599999996e+00  -2.1047588800000003e+00  -3.9370078739999997e+01 #xyz tv2
           9.9570982478184309e+00  -2.4133786047164802e+00  -3.4151612144952949e+01 -1 82 #xyz tv3 fid bid
           9.2240797633333322e+00  -2.6681539333333335e+00  -3.9370078739999997e+01 #xyz tv0
           4.9785689512530702e+00   3.3456341814405164e+00  -4.7572841465770239e+01 #xyz tv1
           1.1280977194708608e+01  -1.7322280261072849e+00  -3.9370078739999997e+01 #xyz tv2
           8.7768555599999996e+00  -2.1047588800000003e+00  -3.9370078739999997e+01 -1 82 #xyz tv3 fid bid
           8.7768555599999996e+00  -2.1047588800000003e+00  -3.9370078739999997e+01 #xyz tv0
           9.2240797633333322e+00  -2.6681539333333335e+00  -3.9370078739999997e+01 #xyz tv1
           7.4122084417467189e+00  -5.6216112800978113e+00  -3.4151612144952949e+01 #xyz tv2
           9.9570982478184309e+00  -2.4133786047164802e+00  -3.4151612144952949e+01 -1 82 #xyz tv3 fid bid
           4.9785689512530702e+00   3.3456341814405164e+00  -4.7572841465770239e+01 #xyz tv0
           8.7768555599999996e+00  -3.6354926100000000e+00  -3.9370078739999997e+01 #xyz tv1
           8.7768555599999996e+00  -2.1047588800000003e+00  -3.9370078739999997e+01 #xyz tv2
           9.2240797633333322e+00  -2.6681539333333335e+00  -3.9370078739999997e+01 -1 82 #xyz tv3 fid bid
           8.7768555599999996e+00  -2.1047588800000003e+00  -3.9370078739999997e+01 #xyz tv0
           8.7768555599999996e+00  -3.6354926100000000e+00  -3.9370078739999997e+01 #xyz tv1
           7.4122084417467189e+00  -5.6216112800978113e+00  -3.4151612144952949e+01 #xyz tv2
           9.2240797633333322e+00  -2.6681539333333335e+00  -3.9370078739999997e+01 -1 82 #xyz tv3 fid bid
