G3dErrFileVersion 2018P3.1
FlagFileMetaData Begin
   Mesh Size - Setup1, Refinement, Pass #1, Freq. 6.000000e+10 :Title    
   Listing of mesh elements with small segments. :ToolTip  
   hf3d :Author   
   1729631751 :TimeStamp
FlagFileMetaData End
BEGIN_ERR 
26 Small mesh segment detected on body : die
 Small mesh segment detected on body : die 
 Segment Statistics - Number of Segments : 1 --- Segment length(s) : 0.820031mils. The cutoff frequency for S-Matrix Only Solve is 5.90142633858268MHz 
4 -1  174  146  210  # nfids, fids[]
2 144  -1  # nbids, bids[]
      4 6 1 0 #ntets ntri ned npts
           0.0000000000000000e+00  -7.4999999999999991e+00  -3.9370078739999997e+01 #xyz tv0
          -4.7835428999999996e-01  -9.3339459099999988e+00  -3.9370078739999997e+01 #xyz tv1
          -2.9053448039285712e+00  -1.0646507224642855e+01  -3.4901442154486858e+01 #xyz tv2
           0.0000000000000000e+00  -1.0000000000000000e+01  -3.9370078739999997e+01 -1 144 #xyz tv3 fid bid
           0.0000000000000000e+00  -7.4999999999999991e+00  -3.9370078739999997e+01 #xyz tv0
           5.7484449168965508e+00   5.0846125130207351e+00  -6.8159595722579112e+01 #xyz tv1
          -4.7835428999999996e-01  -9.3339459099999988e+00  -3.9370078739999997e+01 #xyz tv2
           0.0000000000000000e+00  -1.0000000000000000e+01  -3.9370078739999997e+01 -1 144 #xyz tv3 fid bid
          -2.8701257450000002e+00  -9.4290964949999996e+00  -3.9370078739999997e+01 #xyz tv0
          -4.7835428999999996e-01  -9.3339459099999988e+00  -3.9370078739999997e+01 #xyz tv1
           0.0000000000000000e+00  -1.0000000000000000e+01  -3.9370078739999997e+01 #xyz tv2
          -2.9053448039285712e+00  -1.0646507224642855e+01  -3.4901442154486858e+01 -1 144 #xyz tv3 fid bid
          -2.8701257450000002e+00  -9.4290964949999996e+00  -3.9370078739999997e+01 #xyz tv0
           0.0000000000000000e+00  -1.0000000000000000e+01  -3.9370078739999997e+01 #xyz tv1
          -4.7835428999999996e-01  -9.3339459099999988e+00  -3.9370078739999997e+01 #xyz tv2
           5.7484449168965508e+00   5.0846125130207351e+00  -6.8159595722579112e+01 -1 144 #xyz tv3 fid bid
          -2.8701257450000002e+00  -9.4290964949999996e+00  -3.9370078739999997e+01 #xyz tv0
           0.0000000000000000e+00  -1.0000000000000000e+01  -3.9370078739999997e+01 #xyz tv1
          -4.7835428999999996e-01  -9.3339459099999988e+00  -3.9370078739999997e+01 174 -1 #xyz tv2 fid bid
          -2.8701257450000002e+00  -9.4290964949999996e+00  -3.9370078739999997e+01 #xyz tv0
           0.0000000000000000e+00  -1.0000000000000000e+01  -3.9370078739999997e+01 #xyz tv1
          -4.7835428999999996e-01  -9.3339459099999988e+00  -3.9370078739999997e+01 146 -1 #xyz tv2 fid bid
          -2.8701257450000002e+00  -9.4290964949999996e+00  -3.9370078739999997e+01 #xyz tv0
           0.0000000000000000e+00  -1.0000000000000000e+01  -3.9370078739999997e+01 #xyz tv1
          -4.7835428999999996e-01  -9.3339459099999988e+00  -3.9370078739999997e+01 210 -1 #xyz tv2 fid bid
           0.0000000000000000e+00  -1.0000000000000000e+01  -3.9370078739999997e+01 #xyz tv0
           0.0000000000000000e+00  -7.4999999999999991e+00  -3.9370078739999997e+01 #xyz tv1
          -4.7835428999999996e-01  -9.3339459099999988e+00  -3.9370078739999997e+01 174 -1 #xyz tv2 fid bid
           0.0000000000000000e+00  -1.0000000000000000e+01  -3.9370078739999997e+01 #xyz tv0
           0.0000000000000000e+00  -7.4999999999999991e+00  -3.9370078739999997e+01 #xyz tv1
          -4.7835428999999996e-01  -9.3339459099999988e+00  -3.9370078739999997e+01 146 -1 #xyz tv2 fid bid
           0.0000000000000000e+00  -1.0000000000000000e+01  -3.9370078739999997e+01 #xyz tv0
           0.0000000000000000e+00  -7.4999999999999991e+00  -3.9370078739999997e+01 #xyz tv1
          -4.7835428999999996e-01  -9.3339459099999988e+00  -3.9370078739999997e+01 210 -1 #xyz tv2 fid bid
           0.0000000000000000e+00  -1.0000000000000000e+01  -3.9370078739999997e+01 #xyz ev0
          -4.7835428999999996e-01  -9.3339459099999988e+00  -3.9370078739999997e+01 -1 144 #xyz ev1 fid bid
   0   0.000000000000e+00   0.000000000000e+00   0.000000000000e+00 #flag location
END_ERR 
BEGIN_ERR 
26 Small mesh segment detected on body : die
 Small mesh segment detected on body : die 
 Segment Statistics - Number of Segments : 1 --- Segment length(s) : 0.975452mils. The cutoff frequency for S-Matrix Only Solve is 5.90142633858268MHz 
4 -1  174  146  210  # nfids, fids[]
2 144  -1  # nbids, bids[]
      4 6 1 0 #ntets ntri ned npts
          -7.6129996900000005e+00  -6.2600094399999993e+00  -3.9370078739999997e+01 #xyz tv0
          -7.8033008600000002e+00  -5.3033008600000002e+00  -3.9370078739999997e+01 #xyz tv1
          -1.0351109886690615e+01  -4.1814009098788514e+00  -3.5329995831421442e+01 #xyz tv2
          -1.0606601720000000e+01  -1.0606601720000000e+01  -3.9370078739999997e+01 -1 144 #xyz tv3 fid bid
          -7.6129996900000005e+00  -6.2600094399999993e+00  -3.9370078739999997e+01 #xyz tv0
          -1.0351109886690615e+01  -4.1814009098788514e+00  -3.5329995831421442e+01 #xyz tv1
          -7.8033008600000002e+00  -5.3033008600000002e+00  -3.9370078739999997e+01 #xyz tv2
          -4.6193976599999997e+00  -1.9134171600000001e+00  -3.9370078739999997e+01 -1 144 #xyz tv3 fid bid
          -7.6129996900000005e+00  -6.2600094399999993e+00  -3.9370078739999997e+01 #xyz tv0
           5.7484449168965508e+00   5.0846125130207351e+00  -6.8159595722579112e+01 #xyz tv1
          -7.8033008600000002e+00  -5.3033008600000002e+00  -3.9370078739999997e+01 #xyz tv2
          -1.0606601720000000e+01  -1.0606601720000000e+01  -3.9370078739999997e+01 -1 144 #xyz tv3 fid bid
          -7.6129996900000005e+00  -6.2600094399999993e+00  -3.9370078739999997e+01 #xyz tv0
          -7.8033008600000002e+00  -5.3033008600000002e+00  -3.9370078739999997e+01 #xyz tv1
           5.7484449168965508e+00   5.0846125130207351e+00  -6.8159595722579112e+01 #xyz tv2
          -4.6193976599999997e+00  -1.9134171600000001e+00  -3.9370078739999997e+01 -1 144 #xyz tv3 fid bid
          -1.0606601720000000e+01  -1.0606601720000000e+01  -3.9370078739999997e+01 #xyz tv0
          -7.6129996900000005e+00  -6.2600094399999993e+00  -3.9370078739999997e+01 #xyz tv1
          -7.8033008600000002e+00  -5.3033008600000002e+00  -3.9370078739999997e+01 174 -1 #xyz tv2 fid bid
          -1.0606601720000000e+01  -1.0606601720000000e+01  -3.9370078739999997e+01 #xyz tv0
          -7.6129996900000005e+00  -6.2600094399999993e+00  -3.9370078739999997e+01 #xyz tv1
          -7.8033008600000002e+00  -5.3033008600000002e+00  -3.9370078739999997e+01 146 -1 #xyz tv2 fid bid
          -1.0606601720000000e+01  -1.0606601720000000e+01  -3.9370078739999997e+01 #xyz tv0
          -7.6129996900000005e+00  -6.2600094399999993e+00  -3.9370078739999997e+01 #xyz tv1
          -7.8033008600000002e+00  -5.3033008600000002e+00  -3.9370078739999997e+01 210 -1 #xyz tv2 fid bid
          -7.6129996900000005e+00  -6.2600094399999993e+00  -3.9370078739999997e+01 #xyz tv0
          -4.6193976599999997e+00  -1.9134171600000001e+00  -3.9370078739999997e+01 #xyz tv1
          -7.8033008600000002e+00  -5.3033008600000002e+00  -3.9370078739999997e+01 174 -1 #xyz tv2 fid bid
          -7.6129996900000005e+00  -6.2600094399999993e+00  -3.9370078739999997e+01 #xyz tv0
          -4.6193976599999997e+00  -1.9134171600000001e+00  -3.9370078739999997e+01 #xyz tv1
          -7.8033008600000002e+00  -5.3033008600000002e+00  -3.9370078739999997e+01 146 -1 #xyz tv2 fid bid
          -7.6129996900000005e+00  -6.2600094399999993e+00  -3.9370078739999997e+01 #xyz tv0
          -4.6193976599999997e+00  -1.9134171600000001e+00  -3.9370078739999997e+01 #xyz tv1
          -7.8033008600000002e+00  -5.3033008600000002e+00  -3.9370078739999997e+01 210 -1 #xyz tv2 fid bid
          -7.6129996900000005e+00  -6.2600094399999993e+00  -3.9370078739999997e+01 #xyz ev0
          -7.8033008600000002e+00  -5.3033008600000002e+00  -3.9370078739999997e+01 -1 144 #xyz ev1 fid bid
   0   0.000000000000e+00   0.000000000000e+00   0.000000000000e+00 #flag location
END_ERR 
BEGIN_ERR 
26 Small mesh segment detected on body : die
 Small mesh segment detected on body : die 
 Segment Statistics - Number of Segments : 1 --- Segment length(s) : 0.975452mils. The cutoff frequency for S-Matrix Only Solve is 5.90142633858268MHz 
4 -1  145  222  173  # nfids, fids[]
2 144  -1  # nbids, bids[]
      4 6 1 0 #ntets ntri ned npts
          -7.6129996900000005e+00  -6.2600094399999993e+00   5.3370078739999997e+01 #xyz tv0
          -1.0606601720000000e+01  -1.0606601720000000e+01   4.4553091610805531e+01 #xyz tv1
          -7.8033008600000002e+00  -5.3033008600000002e+00   5.3370078739999997e+01 #xyz tv2
          -1.0606601720000000e+01  -1.0606601720000000e+01   5.3370078739999997e+01 -1 144 #xyz tv3 fid bid
          -7.6129996900000005e+00  -6.2600094399999993e+00   5.3370078739999997e+01 #xyz tv0
          -7.8033008600000002e+00  -5.3033008600000002e+00   5.3370078739999997e+01 #xyz tv1
          -1.0606601720000000e+01  -1.0606601720000000e+01   4.4553091610805531e+01 #xyz tv2
          -4.6193976599999997e+00  -1.9134171600000001e+00   5.3370078739999997e+01 -1 144 #xyz tv3 fid bid
          -7.6129996900000005e+00  -6.2600094399999993e+00   5.3370078739999997e+01 #xyz tv0
          -7.8033008600000002e+00  -5.3033008600000002e+00   5.3370078739999997e+01 #xyz tv1
          -1.1353924395795687e+00   3.8512088062539318e+00   7.0243749496542392e+01 #xyz tv2
          -1.0606601720000000e+01  -1.0606601720000000e+01   5.3370078739999997e+01 -1 144 #xyz tv3 fid bid
          -7.6129996900000005e+00  -6.2600094399999993e+00   5.3370078739999997e+01 #xyz tv0
          -1.1353924395795687e+00   3.8512088062539318e+00   7.0243749496542392e+01 #xyz tv1
          -7.8033008600000002e+00  -5.3033008600000002e+00   5.3370078739999997e+01 #xyz tv2
          -4.6193976599999997e+00  -1.9134171600000001e+00   5.3370078739999997e+01 -1 144 #xyz tv3 fid bid
          -4.6193976599999997e+00  -1.9134171600000001e+00   5.3370078739999997e+01 #xyz tv0
          -7.6129996900000005e+00  -6.2600094399999993e+00   5.3370078739999997e+01 #xyz tv1
          -7.8033008600000002e+00  -5.3033008600000002e+00   5.3370078739999997e+01 145 -1 #xyz tv2 fid bid
          -4.6193976599999997e+00  -1.9134171600000001e+00   5.3370078739999997e+01 #xyz tv0
          -7.6129996900000005e+00  -6.2600094399999993e+00   5.3370078739999997e+01 #xyz tv1
          -7.8033008600000002e+00  -5.3033008600000002e+00   5.3370078739999997e+01 222 -1 #xyz tv2 fid bid
          -4.6193976599999997e+00  -1.9134171600000001e+00   5.3370078739999997e+01 #xyz tv0
          -7.6129996900000005e+00  -6.2600094399999993e+00   5.3370078739999997e+01 #xyz tv1
          -7.8033008600000002e+00  -5.3033008600000002e+00   5.3370078739999997e+01 173 -1 #xyz tv2 fid bid
          -7.6129996900000005e+00  -6.2600094399999993e+00   5.3370078739999997e+01 #xyz tv0
          -1.0606601720000000e+01  -1.0606601720000000e+01   5.3370078739999997e+01 #xyz tv1
          -7.8033008600000002e+00  -5.3033008600000002e+00   5.3370078739999997e+01 145 -1 #xyz tv2 fid bid
          -7.6129996900000005e+00  -6.2600094399999993e+00   5.3370078739999997e+01 #xyz tv0
          -1.0606601720000000e+01  -1.0606601720000000e+01   5.3370078739999997e+01 #xyz tv1
          -7.8033008600000002e+00  -5.3033008600000002e+00   5.3370078739999997e+01 222 -1 #xyz tv2 fid bid
          -7.6129996900000005e+00  -6.2600094399999993e+00   5.3370078739999997e+01 #xyz tv0
          -1.0606601720000000e+01  -1.0606601720000000e+01   5.3370078739999997e+01 #xyz tv1
          -7.8033008600000002e+00  -5.3033008600000002e+00   5.3370078739999997e+01 173 -1 #xyz tv2 fid bid
          -7.6129996900000005e+00  -6.2600094399999993e+00   5.3370078739999997e+01 #xyz ev0
          -7.8033008600000002e+00  -5.3033008600000002e+00   5.3370078739999997e+01 -1 144 #xyz ev1 fid bid
   0   0.000000000000e+00   0.000000000000e+00   0.000000000000e+00 #flag location
END_ERR 
BEGIN_ERR 
26 Small mesh segment detected on body : die
 Small mesh segment detected on body : die 
 Segment Statistics - Number of Segments : 1 --- Segment length(s) : 0.975452mils. The cutoff frequency for S-Matrix Only Solve is 5.90142633858268MHz 
4 -1  174  146  210  # nfids, fids[]
2 144  -1  # nbids, bids[]
      4 6 1 0 #ntets ntri ned npts
          -3.8268343250000001e+00   9.2387953249999999e+00  -3.9370078739999997e+01 #xyz tv0
          -2.8701257450000002e+00   9.4290964949999996e+00  -3.9370078739999997e+01 #xyz tv1
          -5.7402514900000003e+00   1.3858192989999999e+01  -2.7165748031423991e+01 #xyz tv2
          -5.7402514900000003e+00   1.3858192989999999e+01  -3.9370078739999997e+01 -1 144 #xyz tv3 fid bid
          -3.8268343250000001e+00   9.2387953249999999e+00  -3.9370078739999997e+01 #xyz tv0
          -5.7402514900000003e+00   1.3858192989999999e+01  -2.7165748031423991e+01 #xyz tv1
          -2.8701257450000002e+00   9.4290964949999996e+00  -3.9370078739999997e+01 #xyz tv2
          -1.9134171600000001e+00   4.6193976599999997e+00  -3.9370078739999997e+01 -1 144 #xyz tv3 fid bid
          -3.8268343250000001e+00   9.2387953249999999e+00  -3.9370078739999997e+01 #xyz tv0
           5.7484449168965508e+00   5.0846125130207351e+00  -6.8159595722579112e+01 #xyz tv1
          -2.8701257450000002e+00   9.4290964949999996e+00  -3.9370078739999997e+01 #xyz tv2
          -5.7402514900000003e+00   1.3858192989999999e+01  -3.9370078739999997e+01 -1 144 #xyz tv3 fid bid
          -3.8268343250000001e+00   9.2387953249999999e+00  -3.9370078739999997e+01 #xyz tv0
          -2.8701257450000002e+00   9.4290964949999996e+00  -3.9370078739999997e+01 #xyz tv1
           5.7484449168965508e+00   5.0846125130207351e+00  -6.8159595722579112e+01 #xyz tv2
          -1.9134171600000001e+00   4.6193976599999997e+00  -3.9370078739999997e+01 -1 144 #xyz tv3 fid bid
          -5.7402514900000003e+00   1.3858192989999999e+01  -3.9370078739999997e+01 #xyz tv0
          -3.8268343250000001e+00   9.2387953249999999e+00  -3.9370078739999997e+01 #xyz tv1
          -2.8701257450000002e+00   9.4290964949999996e+00  -3.9370078739999997e+01 174 -1 #xyz tv2 fid bid
          -5.7402514900000003e+00   1.3858192989999999e+01  -3.9370078739999997e+01 #xyz tv0
          -3.8268343250000001e+00   9.2387953249999999e+00  -3.9370078739999997e+01 #xyz tv1
          -2.8701257450000002e+00   9.4290964949999996e+00  -3.9370078739999997e+01 146 -1 #xyz tv2 fid bid
          -5.7402514900000003e+00   1.3858192989999999e+01  -3.9370078739999997e+01 #xyz tv0
          -3.8268343250000001e+00   9.2387953249999999e+00  -3.9370078739999997e+01 #xyz tv1
          -2.8701257450000002e+00   9.4290964949999996e+00  -3.9370078739999997e+01 210 -1 #xyz tv2 fid bid
          -3.8268343250000001e+00   9.2387953249999999e+00  -3.9370078739999997e+01 #xyz tv0
          -1.9134171600000001e+00   4.6193976599999997e+00  -3.9370078739999997e+01 #xyz tv1
          -2.8701257450000002e+00   9.4290964949999996e+00  -3.9370078739999997e+01 174 -1 #xyz tv2 fid bid
          -3.8268343250000001e+00   9.2387953249999999e+00  -3.9370078739999997e+01 #xyz tv0
          -1.9134171600000001e+00   4.6193976599999997e+00  -3.9370078739999997e+01 #xyz tv1
          -2.8701257450000002e+00   9.4290964949999996e+00  -3.9370078739999997e+01 146 -1 #xyz tv2 fid bid
          -3.8268343250000001e+00   9.2387953249999999e+00  -3.9370078739999997e+01 #xyz tv0
          -1.9134171600000001e+00   4.6193976599999997e+00  -3.9370078739999997e+01 #xyz tv1
          -2.8701257450000002e+00   9.4290964949999996e+00  -3.9370078739999997e+01 210 -1 #xyz tv2 fid bid
          -3.8268343250000001e+00   9.2387953249999999e+00  -3.9370078739999997e+01 #xyz ev0
          -2.8701257450000002e+00   9.4290964949999996e+00  -3.9370078739999997e+01 -1 144 #xyz ev1 fid bid
   0   0.000000000000e+00   0.000000000000e+00   0.000000000000e+00 #flag location
END_ERR 
BEGIN_ERR 
26 Small mesh segment detected on body : die
 Small mesh segment detected on body : die 
 Segment Statistics - Number of Segments : 1 --- Segment length(s) : 0.975452mils. The cutoff frequency for S-Matrix Only Solve is 5.90142633858268MHz 
4 -1  145  222  173  # nfids, fids[]
2 144  -1  # nbids, bids[]
      4 6 1 0 #ntets ntri ned npts
           9.2387953249999999e+00  -3.8268343250000001e+00   5.3370078739999997e+01 #xyz tv0
           9.4290964949999996e+00  -2.8701257450000002e+00   5.3370078739999997e+01 #xyz tv1
           9.2903854959584322e+00  -3.5740040779709927e+00   4.9714821452952961e+01 #xyz tv2
           1.3858192989999999e+01  -5.7402514900000003e+00   5.3370078739999997e+01 -1 144 #xyz tv3 fid bid
           9.2387953249999999e+00  -3.8268343250000001e+00   5.3370078739999997e+01 #xyz tv0
           9.2903854959584322e+00  -3.5740040779709927e+00   4.9714821452952961e+01 #xyz tv1
           9.4290964949999996e+00  -2.8701257450000002e+00   5.3370078739999997e+01 #xyz tv2
           4.6193976599999997e+00  -1.9134171600000001e+00   5.3370078739999997e+01 -1 144 #xyz tv3 fid bid
           9.2387953249999999e+00  -3.8268343250000001e+00   5.3370078739999997e+01 #xyz tv0
          -1.1353924395795687e+00   3.8512088062539318e+00   7.0243749496542392e+01 #xyz tv1
           9.4290964949999996e+00  -2.8701257450000002e+00   5.3370078739999997e+01 #xyz tv2
           1.3858192989999999e+01  -5.7402514900000003e+00   5.3370078739999997e+01 -1 144 #xyz tv3 fid bid
           9.2387953249999999e+00  -3.8268343250000001e+00   5.3370078739999997e+01 #xyz tv0
           9.4290964949999996e+00  -2.8701257450000002e+00   5.3370078739999997e+01 #xyz tv1
          -1.1353924395795687e+00   3.8512088062539318e+00   7.0243749496542392e+01 #xyz tv2
           4.6193976599999997e+00  -1.9134171600000001e+00   5.3370078739999997e+01 -1 144 #xyz tv3 fid bid
           1.3858192989999999e+01  -5.7402514900000003e+00   5.3370078739999997e+01 #xyz tv0
           9.2387953249999999e+00  -3.8268343250000001e+00   5.3370078739999997e+01 #xyz tv1
           9.4290964949999996e+00  -2.8701257450000002e+00   5.3370078739999997e+01 145 -1 #xyz tv2 fid bid
           1.3858192989999999e+01  -5.7402514900000003e+00   5.3370078739999997e+01 #xyz tv0
           9.2387953249999999e+00  -3.8268343250000001e+00   5.3370078739999997e+01 #xyz tv1
           9.4290964949999996e+00  -2.8701257450000002e+00   5.3370078739999997e+01 222 -1 #xyz tv2 fid bid
           1.3858192989999999e+01  -5.7402514900000003e+00   5.3370078739999997e+01 #xyz tv0
           9.2387953249999999e+00  -3.8268343250000001e+00   5.3370078739999997e+01 #xyz tv1
           9.4290964949999996e+00  -2.8701257450000002e+00   5.3370078739999997e+01 173 -1 #xyz tv2 fid bid
           9.2387953249999999e+00  -3.8268343250000001e+00   5.3370078739999997e+01 #xyz tv0
           4.6193976599999997e+00  -1.9134171600000001e+00   5.3370078739999997e+01 #xyz tv1
           9.4290964949999996e+00  -2.8701257450000002e+00   5.3370078739999997e+01 145 -1 #xyz tv2 fid bid
           9.2387953249999999e+00  -3.8268343250000001e+00   5.3370078739999997e+01 #xyz tv0
           4.6193976599999997e+00  -1.9134171600000001e+00   5.3370078739999997e+01 #xyz tv1
           9.4290964949999996e+00  -2.8701257450000002e+00   5.3370078739999997e+01 222 -1 #xyz tv2 fid bid
           9.2387953249999999e+00  -3.8268343250000001e+00   5.3370078739999997e+01 #xyz tv0
           4.6193976599999997e+00  -1.9134171600000001e+00   5.3370078739999997e+01 #xyz tv1
           9.4290964949999996e+00  -2.8701257450000002e+00   5.3370078739999997e+01 173 -1 #xyz tv2 fid bid
           9.2387953249999999e+00  -3.8268343250000001e+00   5.3370078739999997e+01 #xyz ev0
           9.4290964949999996e+00  -2.8701257450000002e+00   5.3370078739999997e+01 -1 144 #xyz ev1 fid bid
   0   0.000000000000e+00   0.000000000000e+00   0.000000000000e+00 #flag location
END_ERR 
BEGIN_ERR 
26 Small mesh segment detected on body : die
 Small mesh segment detected on body : die 
 Segment Statistics - Number of Segments : 1 --- Segment length(s) : 0.975452mils. The cutoff frequency for S-Matrix Only Solve is 5.90142633858268MHz 
4 -1  174  146  210  # nfids, fids[]
2 144  -1  # nbids, bids[]
      4 6 1 0 #ntets ntri ned npts
           9.4290964949999996e+00   2.8701257450000002e+00  -3.9370078739999997e+01 #xyz tv0
           9.2387953249999999e+00   1.9134171650000003e+00  -3.9370078739999997e+01 #xyz tv1
           9.3297081098515200e+00   4.4072149738789268e-01  -3.4749368026472055e+01 #xyz tv2
           1.3858192989999999e+01   5.7402514900000003e+00  -3.9370078739999997e+01 -1 144 #xyz tv3 fid bid
           9.4290964949999996e+00   2.8701257450000002e+00  -3.9370078739999997e+01 #xyz tv0
           9.3297081098515200e+00   4.4072149738789268e-01  -3.4749368026472055e+01 #xyz tv1
           9.2387953249999999e+00   1.9134171650000003e+00  -3.9370078739999997e+01 #xyz tv2
           5.0000000000000000e+00   0.0000000000000000e+00  -3.9370078739999997e+01 -1 144 #xyz tv3 fid bid
           9.4290964949999996e+00   2.8701257450000002e+00  -3.9370078739999997e+01 #xyz tv0
           5.7484449168965508e+00   5.0846125130207351e+00  -6.8159595722579112e+01 #xyz tv1
           9.2387953249999999e+00   1.9134171650000003e+00  -3.9370078739999997e+01 #xyz tv2
           1.3858192989999999e+01   5.7402514900000003e+00  -3.9370078739999997e+01 -1 144 #xyz tv3 fid bid
           9.4290964949999996e+00   2.8701257450000002e+00  -3.9370078739999997e+01 #xyz tv0
           9.2387953249999999e+00   1.9134171650000003e+00  -3.9370078739999997e+01 #xyz tv1
           5.7484449168965508e+00   5.0846125130207351e+00  -6.8159595722579112e+01 #xyz tv2
           5.0000000000000000e+00   0.0000000000000000e+00  -3.9370078739999997e+01 -1 144 #xyz tv3 fid bid
           1.3858192989999999e+01   5.7402514900000003e+00  -3.9370078739999997e+01 #xyz tv0
           9.4290964949999996e+00   2.8701257450000002e+00  -3.9370078739999997e+01 #xyz tv1
           9.2387953249999999e+00   1.9134171650000003e+00  -3.9370078739999997e+01 174 -1 #xyz tv2 fid bid
           1.3858192989999999e+01   5.7402514900000003e+00  -3.9370078739999997e+01 #xyz tv0
           9.4290964949999996e+00   2.8701257450000002e+00  -3.9370078739999997e+01 #xyz tv1
           9.2387953249999999e+00   1.9134171650000003e+00  -3.9370078739999997e+01 146 -1 #xyz tv2 fid bid
           1.3858192989999999e+01   5.7402514900000003e+00  -3.9370078739999997e+01 #xyz tv0
           9.4290964949999996e+00   2.8701257450000002e+00  -3.9370078739999997e+01 #xyz tv1
           9.2387953249999999e+00   1.9134171650000003e+00  -3.9370078739999997e+01 210 -1 #xyz tv2 fid bid
           9.4290964949999996e+00   2.8701257450000002e+00  -3.9370078739999997e+01 #xyz tv0
           5.0000000000000000e+00   0.0000000000000000e+00  -3.9370078739999997e+01 #xyz tv1
           9.2387953249999999e+00   1.9134171650000003e+00  -3.9370078739999997e+01 174 -1 #xyz tv2 fid bid
           9.4290964949999996e+00   2.8701257450000002e+00  -3.9370078739999997e+01 #xyz tv0
           5.0000000000000000e+00   0.0000000000000000e+00  -3.9370078739999997e+01 #xyz tv1
           9.2387953249999999e+00   1.9134171650000003e+00  -3.9370078739999997e+01 146 -1 #xyz tv2 fid bid
           9.4290964949999996e+00   2.8701257450000002e+00  -3.9370078739999997e+01 #xyz tv0
           5.0000000000000000e+00   0.0000000000000000e+00  -3.9370078739999997e+01 #xyz tv1
           9.2387953249999999e+00   1.9134171650000003e+00  -3.9370078739999997e+01 210 -1 #xyz tv2 fid bid
           9.4290964949999996e+00   2.8701257450000002e+00  -3.9370078739999997e+01 #xyz ev0
           9.2387953249999999e+00   1.9134171650000003e+00  -3.9370078739999997e+01 -1 144 #xyz ev1 fid bid
   0   0.000000000000e+00   0.000000000000e+00   0.000000000000e+00 #flag location
END_ERR 
BEGIN_ERR 
26 Small mesh segment detected on body : die
 Small mesh segment detected on body : die 
 Segment Statistics - Number of Segments : 1 --- Segment length(s) : 0.975452mils. The cutoff frequency for S-Matrix Only Solve is 5.90142633858268MHz 
4 -1  174  146  210  # nfids, fids[]
2 144  -1  # nbids, bids[]
      4 6 1 0 #ntets ntri ned npts
          -2.8701257450000002e+00   9.4290964949999996e+00  -3.9370078739999997e+01 #xyz tv0
          -1.9134171650000003e+00   9.2387953249999999e+00  -3.9370078739999997e+01 #xyz tv1
          -5.7402514900000003e+00   1.3858192989999999e+01  -2.7165748031423991e+01 #xyz tv2
          -5.7402514900000003e+00   1.3858192989999999e+01  -3.9370078739999997e+01 -1 144 #xyz tv3 fid bid
          -2.8701257450000002e+00   9.4290964949999996e+00  -3.9370078739999997e+01 #xyz tv0
          -5.7402514900000003e+00   1.3858192989999999e+01  -2.7165748031423991e+01 #xyz tv1
          -1.9134171650000003e+00   9.2387953249999999e+00  -3.9370078739999997e+01 #xyz tv2
           0.0000000000000000e+00   5.0000000000000000e+00  -3.9370078739999997e+01 -1 144 #xyz tv3 fid bid
          -2.8701257450000002e+00   9.4290964949999996e+00  -3.9370078739999997e+01 #xyz tv0
           5.7484449168965508e+00   5.0846125130207351e+00  -6.8159595722579112e+01 #xyz tv1
          -1.9134171650000003e+00   9.2387953249999999e+00  -3.9370078739999997e+01 #xyz tv2
          -5.7402514900000003e+00   1.3858192989999999e+01  -3.9370078739999997e+01 -1 144 #xyz tv3 fid bid
          -2.8701257450000002e+00   9.4290964949999996e+00  -3.9370078739999997e+01 #xyz tv0
          -1.9134171650000003e+00   9.2387953249999999e+00  -3.9370078739999997e+01 #xyz tv1
           5.7484449168965508e+00   5.0846125130207351e+00  -6.8159595722579112e+01 #xyz tv2
           0.0000000000000000e+00   5.0000000000000000e+00  -3.9370078739999997e+01 -1 144 #xyz tv3 fid bid
          -5.7402514900000003e+00   1.3858192989999999e+01  -3.9370078739999997e+01 #xyz tv0
          -2.8701257450000002e+00   9.4290964949999996e+00  -3.9370078739999997e+01 #xyz tv1
          -1.9134171650000003e+00   9.2387953249999999e+00  -3.9370078739999997e+01 174 -1 #xyz tv2 fid bid
          -5.7402514900000003e+00   1.3858192989999999e+01  -3.9370078739999997e+01 #xyz tv0
          -2.8701257450000002e+00   9.4290964949999996e+00  -3.9370078739999997e+01 #xyz tv1
          -1.9134171650000003e+00   9.2387953249999999e+00  -3.9370078739999997e+01 146 -1 #xyz tv2 fid bid
          -5.7402514900000003e+00   1.3858192989999999e+01  -3.9370078739999997e+01 #xyz tv0
          -2.8701257450000002e+00   9.4290964949999996e+00  -3.9370078739999997e+01 #xyz tv1
          -1.9134171650000003e+00   9.2387953249999999e+00  -3.9370078739999997e+01 210 -1 #xyz tv2 fid bid
          -2.8701257450000002e+00   9.4290964949999996e+00  -3.9370078739999997e+01 #xyz tv0
           0.0000000000000000e+00   5.0000000000000000e+00  -3.9370078739999997e+01 #xyz tv1
          -1.9134171650000003e+00   9.2387953249999999e+00  -3.9370078739999997e+01 174 -1 #xyz tv2 fid bid
          -2.8701257450000002e+00   9.4290964949999996e+00  -3.9370078739999997e+01 #xyz tv0
           0.0000000000000000e+00   5.0000000000000000e+00  -3.9370078739999997e+01 #xyz tv1
          -1.9134171650000003e+00   9.2387953249999999e+00  -3.9370078739999997e+01 146 -1 #xyz tv2 fid bid
          -2.8701257450000002e+00   9.4290964949999996e+00  -3.9370078739999997e+01 #xyz tv0
           0.0000000000000000e+00   5.0000000000000000e+00  -3.9370078739999997e+01 #xyz tv1
          -1.9134171650000003e+00   9.2387953249999999e+00  -3.9370078739999997e+01 210 -1 #xyz tv2 fid bid
          -2.8701257450000002e+00   9.4290964949999996e+00  -3.9370078739999997e+01 #xyz ev0
          -1.9134171650000003e+00   9.2387953249999999e+00  -3.9370078739999997e+01 -1 144 #xyz ev1 fid bid
   0   0.000000000000e+00   0.000000000000e+00   0.000000000000e+00 #flag location
END_ERR 
G3dErrFileVersion 2018P3.1
FlagFileMetaData Begin
   Mesh Size - Setup1, Refinement, Pass #2, Freq. 6.000000e+10 :Title    
   Listing of mesh elements with small segments. :ToolTip  
   hf3d :Author   
   1729631762 :TimeStamp
FlagFileMetaData End
BEGIN_ERR 
26 Small mesh segment detected on body : die
 Small mesh segment detected on body : die 
 Segment Statistics - Number of Segments : 1 --- Segment length(s) : 1.465407mils. The cutoff frequency for S-Matrix Only Solve is 5.90142633858268MHz 
4 -1  174  146  210  # nfids, fids[]
2 144  -1  # nbids, bids[]
      5 6 1 0 #ntets ntri ned npts
          -1.6321828189603058e+00  -8.9716535947561553e+00  -3.7135760447243428e+01 #xyz tv0
          -2.0764104210186893e+00  -1.0038432268906330e+01  -3.9370078739999997e+01 #xyz tv1
           2.9937849710059361e-01  -1.0260343989163891e+01  -3.9370078739999997e+01 #xyz tv2
          -3.4104973335490690e-01  -8.9422893501498102e+00  -3.9370078739999997e+01 -1 144 #xyz tv3 fid bid
          -2.0764104210186893e+00  -1.0038432268906330e+01  -3.9370078739999997e+01 #xyz tv0
           2.9937849710059361e-01  -1.0260343989163891e+01  -3.9370078739999997e+01 #xyz tv1
          -3.4104973335490690e-01  -8.9422893501498102e+00  -3.9370078739999997e+01 #xyz tv2
           5.4030041940704479e+00   4.6808428374618707e+00  -6.7170997177506223e+01 -1 144 #xyz tv3 fid bid
          -1.6321828189603058e+00  -8.9716535947561553e+00  -3.7135760447243428e+01 #xyz tv0
           2.9937849710059361e-01  -1.0260343989163891e+01  -3.9370078739999997e+01 #xyz tv1
           2.0218630283536303e-02  -9.3715503605674826e+00  -3.5836794885846018e+01 #xyz tv2
          -3.4104973335490690e-01  -8.9422893501498102e+00  -3.9370078739999997e+01 -1 144 #xyz tv3 fid bid
           1.3833172221370515e+00  -7.3959672073081268e+00  -3.9370078739999997e+01 #xyz tv0
           5.4030041940704479e+00   4.6808428374618707e+00  -6.7170997177506223e+01 #xyz tv1
          -3.4104973335490690e-01  -8.9422893501498102e+00  -3.9370078739999997e+01 #xyz tv2
           2.9937849710059361e-01  -1.0260343989163891e+01  -3.9370078739999997e+01 -1 144 #xyz tv3 fid bid
           1.3833172221370515e+00  -7.3959672073081268e+00  -3.9370078739999997e+01 #xyz tv0
           2.0218630283536303e-02  -9.3715503605674826e+00  -3.5836794885846018e+01 #xyz tv1
           2.9937849710059361e-01  -1.0260343989163891e+01  -3.9370078739999997e+01 #xyz tv2
          -3.4104973335490690e-01  -8.9422893501498102e+00  -3.9370078739999997e+01 -1 144 #xyz tv3 fid bid
          -2.0764104210186893e+00  -1.0038432268906330e+01  -3.9370078739999997e+01 #xyz tv0
           2.9937849710059361e-01  -1.0260343989163891e+01  -3.9370078739999997e+01 #xyz tv1
          -3.4104973335490690e-01  -8.9422893501498102e+00  -3.9370078739999997e+01 174 -1 #xyz tv2 fid bid
          -2.0764104210186893e+00  -1.0038432268906330e+01  -3.9370078739999997e+01 #xyz tv0
           2.9937849710059361e-01  -1.0260343989163891e+01  -3.9370078739999997e+01 #xyz tv1
          -3.4104973335490690e-01  -8.9422893501498102e+00  -3.9370078739999997e+01 146 -1 #xyz tv2 fid bid
          -2.0764104210186893e+00  -1.0038432268906330e+01  -3.9370078739999997e+01 #xyz tv0
           2.9937849710059361e-01  -1.0260343989163891e+01  -3.9370078739999997e+01 #xyz tv1
          -3.4104973335490690e-01  -8.9422893501498102e+00  -3.9370078739999997e+01 210 -1 #xyz tv2 fid bid
           1.3833172221370515e+00  -7.3959672073081268e+00  -3.9370078739999997e+01 #xyz tv0
          -3.4104973335490690e-01  -8.9422893501498102e+00  -3.9370078739999997e+01 #xyz tv1
           2.9937849710059361e-01  -1.0260343989163891e+01  -3.9370078739999997e+01 174 -1 #xyz tv2 fid bid
           1.3833172221370515e+00  -7.3959672073081268e+00  -3.9370078739999997e+01 #xyz tv0
          -3.4104973335490690e-01  -8.9422893501498102e+00  -3.9370078739999997e+01 #xyz tv1
           2.9937849710059361e-01  -1.0260343989163891e+01  -3.9370078739999997e+01 146 -1 #xyz tv2 fid bid
           1.3833172221370515e+00  -7.3959672073081268e+00  -3.9370078739999997e+01 #xyz tv0
          -3.4104973335490690e-01  -8.9422893501498102e+00  -3.9370078739999997e+01 #xyz tv1
           2.9937849710059361e-01  -1.0260343989163891e+01  -3.9370078739999997e+01 210 -1 #xyz tv2 fid bid
           2.9937849710059361e-01  -1.0260343989163891e+01  -3.9370078739999997e+01 #xyz ev0
          -3.4104973335490690e-01  -8.9422893501498102e+00  -3.9370078739999997e+01 -1 144 #xyz ev1 fid bid
   0   0.000000000000e+00   0.000000000000e+00   0.000000000000e+00 #flag location
END_ERR 
BEGIN_ERR 
26 Small mesh segment detected on body : die
 Small mesh segment detected on body : die 
 Segment Statistics - Number of Segments : 1 --- Segment length(s) : 1.551993mils. The cutoff frequency for S-Matrix Only Solve is 5.90142633858268MHz 
1 -1  # nfids, fids[]
1 144  # nbids, bids[]
      7 0 1 0 #ntets ntri ned npts
           3.9321663368261435e+00   5.0742616033955503e+00   5.0670952450056838e+01 #xyz tv0
           1.9134171599999998e+00   4.6193976599999997e+00   4.4773129017682493e+01 #xyz tv1
           3.5355339099999994e+00   3.5355339099999994e+00   4.4094794714676844e+01 #xyz tv2
           3.9424270810331778e+00   6.1106429169317886e+00   4.9515750706731382e+01 -1 144 #xyz tv3 fid bid
           3.9321663368261435e+00   5.0742616033955503e+00   5.0670952450056838e+01 #xyz tv0
           7.4418682209905267e+00   3.2524057009145766e+00   4.9226618619316469e+01 #xyz tv1
           3.9424270810331778e+00   6.1106429169317886e+00   4.9515750706731382e+01 #xyz tv2
           3.5355339099999994e+00   3.5355339099999994e+00   4.4094794714676844e+01 -1 144 #xyz tv3 fid bid
           3.9321663368261435e+00   5.0742616033955503e+00   5.0670952450056838e+01 #xyz tv0
           1.9134171600000001e+00   4.6193976599999997e+00   5.3370078739999997e+01 #xyz tv1
           1.9134171599999998e+00   4.6193976599999997e+00   4.4773129017682493e+01 #xyz tv2
           3.9424270810331778e+00   6.1106429169317886e+00   4.9515750706731382e+01 -1 144 #xyz tv3 fid bid
           3.9321663368261435e+00   5.0742616033955503e+00   5.0670952450056838e+01 #xyz tv0
           3.9424270810331778e+00   6.1106429169317886e+00   4.9515750706731382e+01 #xyz tv1
           7.4418682209905267e+00   3.2524057009145766e+00   4.9226618619316469e+01 #xyz tv2
           6.0627426718471167e+00   5.1505919930808419e+00   5.3370078739999997e+01 -1 144 #xyz tv3 fid bid
           3.9321663368261435e+00   5.0742616033955503e+00   5.0670952450056838e+01 #xyz tv0
           2.6280530777976265e+00   6.8213362377308400e+00   5.3370078739999997e+01 #xyz tv1
           1.9134171600000001e+00   4.6193976599999997e+00   5.3370078739999997e+01 #xyz tv2
           3.9424270810331778e+00   6.1106429169317886e+00   4.9515750706731382e+01 -1 144 #xyz tv3 fid bid
           6.0627426718471167e+00   5.1505919930808419e+00   5.3370078739999997e+01 #xyz tv0
           3.9424270810331778e+00   6.1106429169317886e+00   4.9515750706731382e+01 #xyz tv1
           5.0955286617361111e+00   8.7613884706352874e+00   5.3370078739999997e+01 #xyz tv2
           3.9321663368261435e+00   5.0742616033955503e+00   5.0670952450056838e+01 -1 144 #xyz tv3 fid bid
           3.9424270810331778e+00   6.1106429169317886e+00   4.9515750706731382e+01 #xyz tv0
           2.6280530777976265e+00   6.8213362377308400e+00   5.3370078739999997e+01 #xyz tv1
           5.0955286617361111e+00   8.7613884706352874e+00   5.3370078739999997e+01 #xyz tv2
           3.9321663368261435e+00   5.0742616033955503e+00   5.0670952450056838e+01 -1 144 #xyz tv3 fid bid
           3.9424270810331778e+00   6.1106429169317886e+00   4.9515750706731382e+01 #xyz ev0
           3.9321663368261435e+00   5.0742616033955503e+00   5.0670952450056838e+01 -1 144 #xyz ev1 fid bid
   0   0.000000000000e+00   0.000000000000e+00   0.000000000000e+00 #flag location
END_ERR 
BEGIN_ERR 
26 Small mesh segment detected on body : die
 Small mesh segment detected on body : die 
 Segment Statistics - Number of Segments : 1 --- Segment length(s) : 1.588443mils. The cutoff frequency for S-Matrix Only Solve is 5.90142633858268MHz 
1 -1  # nfids, fids[]
1 144  # nbids, bids[]
      5 0 1 0 #ntets ntri ned npts
          -5.7233381074036398e+00  -9.1412940106313467e+00   5.1872214747410965e+01 #xyz tv0
          -6.8184401473687570e+00  -7.3617156550454146e+00   5.3370078739999997e+01 #xyz tv1
          -7.3840239772633938e+00  -8.8942119434654323e+00   5.1818477958479676e+01 #xyz tv2
          -6.5788573477048855e+00  -6.9508635041728457e+00   5.1854508620278189e+01 -1 144 #xyz tv3 fid bid
          -7.3840239772633938e+00  -8.8942119434654323e+00   5.1818477958479676e+01 #xyz tv0
          -8.3726705839569764e+00  -6.7164686726668128e+00   5.3370078739999997e+01 #xyz tv1
          -6.5788573477048855e+00  -6.9508635041728457e+00   5.1854508620278189e+01 #xyz tv2
          -6.8184401473687570e+00  -7.3617156550454146e+00   5.3370078739999997e+01 -1 144 #xyz tv3 fid bid
          -5.7233381074036398e+00  -9.1412940106313467e+00   5.1872214747410965e+01 #xyz tv0
          -4.5167773610536113e+00  -7.3125295482883246e+00   5.3370078739999997e+01 #xyz tv1
          -6.8184401473687570e+00  -7.3617156550454146e+00   5.3370078739999997e+01 #xyz tv2
          -6.5788573477048855e+00  -6.9508635041728457e+00   5.1854508620278189e+01 -1 144 #xyz tv3 fid bid
          -6.5788573477048855e+00  -6.9508635041728457e+00   5.1854508620278189e+01 #xyz tv0
          -7.1068483526409612e+00  -4.7821434792841497e+00   5.3370078739999997e+01 #xyz tv1
          -6.8184401473687570e+00  -7.3617156550454146e+00   5.3370078739999997e+01 #xyz tv2
          -8.3726705839569764e+00  -6.7164686726668128e+00   5.3370078739999997e+01 -1 144 #xyz tv3 fid bid
          -7.1068483526409612e+00  -4.7821434792841497e+00   5.3370078739999997e+01 #xyz tv0
          -4.5167773610536113e+00  -7.3125295482883246e+00   5.3370078739999997e+01 #xyz tv1
          -6.5788573477048855e+00  -6.9508635041728457e+00   5.1854508620278189e+01 #xyz tv2
          -6.8184401473687570e+00  -7.3617156550454146e+00   5.3370078739999997e+01 -1 144 #xyz tv3 fid bid
          -6.8184401473687570e+00  -7.3617156550454146e+00   5.3370078739999997e+01 #xyz ev0
          -6.5788573477048855e+00  -6.9508635041728457e+00   5.1854508620278189e+01 -1 144 #xyz ev1 fid bid
   0   0.000000000000e+00   0.000000000000e+00   0.000000000000e+00 #flag location
END_ERR 
BEGIN_ERR 
26 Small mesh segment detected on body : die
 Small mesh segment detected on body : die 
 Segment Statistics - Number of Segments : 1 --- Segment length(s) : 1.595461mils. The cutoff frequency for S-Matrix Only Solve is 5.90142633858268MHz 
4 -1  174  146  210  # nfids, fids[]
2 144  -1  # nbids, bids[]
      5 6 1 0 #ntets ntri ned npts
           3.6515461279257166e-01  -6.7844292126645271e+00  -3.6723591982574696e+01 #xyz tv0
          -1.6321828189603058e+00  -8.9716535947561553e+00  -3.7135760447243428e+01 #xyz tv1
          -3.4104973335490690e-01  -8.9422893501498102e+00  -3.9370078739999997e+01 #xyz tv2
          -8.2452072708175217e-01  -7.4218443853353193e+00  -3.9370078739999997e+01 -1 144 #xyz tv3 fid bid
          -1.6321828189603058e+00  -8.9716535947561553e+00  -3.7135760447243428e+01 #xyz tv0
          -2.0764104210186893e+00  -1.0038432268906330e+01  -3.9370078739999997e+01 #xyz tv1
          -3.4104973335490690e-01  -8.9422893501498102e+00  -3.9370078739999997e+01 #xyz tv2
          -8.2452072708175217e-01  -7.4218443853353193e+00  -3.9370078739999997e+01 -1 144 #xyz tv3 fid bid
           3.6515461279257166e-01  -6.7844292126645271e+00  -3.6723591982574696e+01 #xyz tv0
          -3.4104973335490690e-01  -8.9422893501498102e+00  -3.9370078739999997e+01 #xyz tv1
           1.3833172221370515e+00  -7.3959672073081268e+00  -3.9370078739999997e+01 #xyz tv2
          -8.2452072708175217e-01  -7.4218443853353193e+00  -3.9370078739999997e+01 -1 144 #xyz tv3 fid bid
